step,time,obst_px,obst_py,obst_pz,obst_vx,obst_vy,obst_vz,obst_radius,qpos_0,qpos_1,qpos_2,qpos_3,qpos_4,qpos_5,qpos_6,qpos_7,qpos_8,qpos_9,qpos_10,qpos_11,qpos_12,qpos_13,qpos_14,qpos_15,qpos_16,qpos_17,qpos_18,qpos_19,qpos_20,qpos_21,qpos_22,qpos_23,qpos_24,qpos_25,qpos_26,qpos_27,qpos_28,qpos_29,qpos_30,qpos_31,qpos_32,qpos_33,qvel_0,qvel_1,qvel_2,qvel_3,qvel_4,qvel_5,qvel_6,qvel_7,qvel_8,qvel_9,qvel_10,qvel_11,qvel_12,qvel_13,qvel_14,qvel_15,qvel_16,qvel_17,qvel_18,qvel_19,qvel_20,qvel_21,qvel_22,qvel_23,qvel_24,qvel_25,qvel_26,qvel_27,qvel_28,qvel_29,qvel_30,qvel_31,qvel_32,cap_site_0_head_sensor_0,cap_site_1_head_sensor_1,cap_site_2_head_sensor_2,cap_site_3_head_sensor_3,cap_site_4_head_sensor_4,cap_site_5_head_sensor_5,cap_site_6_torso_sensor_0,cap_site_7_torso_sensor_1,cap_site_8_torso_sensor_2,cap_site_9_torso_sensor_3,cap_site_10_torso_sensor_4,cap_site_11_torso_sensor_5,cap_site_12_torso_sensor_6,cap_site_13_torso_sensor_7,cap_site_14_torso_sensor_8,cap_site_15_torso_sensor_9,cap_site_16_torso_sensor_10,cap_site_17_left_shoulder_roll_sensor_0,cap_site_18_left_shoulder_roll_sensor_1,cap_site_19_left_shoulder_roll_sensor_2,cap_site_20_left_shoulder_roll_sensor_3,cap_site_21_left_shoulder_roll_sensor_4,cap_site_22_left_shoulder_roll_sensor_5,cap_site_23_left_shoulder_roll_sensor_6,cap_site_24_left_shoulder_roll_sensor_7,cap_site_25_left_shoulder_yaw_sensor_0,cap_site_26_left_shoulder_yaw_sensor_1,cap_site_27_left_shoulder_yaw_sensor_2,cap_site_28_left_shoulder_yaw_sensor_3,cap_site_29_left_shoulder_yaw_sensor_4,cap_site_30_left_shoulder_yaw_sensor_5,cap_site_31_left_elbow_sensor_0,cap_site_32_left_elbow_sensor_1,cap_site_33_left_elbow_sensor_2,cap_site_34_left_elbow_sensor_3,cap_site_35_left_elbow_sensor_4,cap_site_36_left_elbow_sensor_5,cap_site_37_left_elbow_sensor_6,cap_site_38_left_elbow_sensor_7,cap_site_39_left_elbow_sensor_8,cap_site_41_right_shoulder_roll_sensor_0,cap_site_42_right_shoulder_roll_sensor_1,cap_site_43_right_shoulder_roll_sensor_2,cap_site_44_right_shoulder_roll_sensor_3,cap_site_45_right_shoulder_roll_sensor_4,cap_site_46_right_shoulder_roll_sensor_5,cap_site_47_right_shoulder_roll_sensor_6,cap_site_48_right_shoulder_roll_sensor_7,cap_site_49_right_shoulder_yaw_sensor_0,cap_site_50_right_shoulder_yaw_sensor_1,cap_site_51_right_shoulder_yaw_sensor_2,cap_site_52_right_shoulder_yaw_sensor_3,cap_site_53_right_shoulder_yaw_sensor_4,cap_site_54_right_shoulder_yaw_sensor_5,cap_site_55_right_elbow_sensor_0,cap_site_56_right_elbow_sensor_1,cap_site_57_right_elbow_sensor_2,cap_site_58_right_elbow_sensor_3,cap_site_59_right_elbow_sensor_4,cap_site_60_right_elbow_sensor_5,cap_site_61_right_elbow_sensor_6,cap_site_62_right_elbow_sensor_7,cap_site_63_right_elbow_sensor_8,cmd_vx,cmd_vy,cmd_vz
0,0.0,0.5895672090059587,0.41006083337168375,2.97874449141235,-1.037232477759258,-0.7299511184880596,-4.867380809543824,0.05136623916533847,0.19,0.0,1.028,1.0,0.0,0.0,0.0,0.0,0.0,0.0,0.0,0.0,0.0,0.0,0.0,0.0,0.0,0.0,0.0,0.0,0.0,0.0,0.0,0.0,0.0,0.0,0.0,0.0,0.0,0.0,0.0,0.0,0.0,0.0,0.0,0.0,0.0,0.0,0.0,0.0,0.0,0.0,0.0,0.0,0.0,0.0,0.0,0.0,0.0,0.0,0.0,0.0,0.0,0.0,0.0,0.0,0.0,0.0,0.0,0.0,0.0,0.0,0.0,0.0,0.0,0.0,0.0,-1.0,-1.0,-1.0,-1.0,-1.0,-1.0,-1.0,-1.0,-1.0,-1.0,-1.0,-1.0,-1.0,-1.0,-1.0,-1.0,-1.0,-1.0,-1.0,-1.0,-1.0,-1.0,-1.0,-1.0,-1.0,-1.0,-1.0,-1.0,-1.0,-1.0,-1.0,-1.0,-1.0,-1.0,-1.0,-1.0,-1.0,-1.0,-1.0,-1.0,-1.0,-1.0,-1.0,-1.0,-1.0,-1.0,-1.0,-1.0,-1.0,-1.0,-1.0,-1.0,-1.0,-1.0,-1.0,-1.0,-1.0,-1.0,-1.0,-1.0,-1.0,-1.0,-1.0,-1.037232477759258,-0.7299511184880596,-4.867380809543824
1,0.002,0.5874927440504402,0.40860093113470763,2.9689901097932623,-1.037232477759258,-0.7299511184880596,-4.8870008095438235,0.05136623916533847,0.19,0.0,1.028,1.0,0.0,0.0,0.0,-0.0001,-0.0002,0.0,0.0003,-0.0001,0.0,-0.0001,-0.0002,0.0,0.0003,-0.0001,-0.0001,-0.0001,0.0,0.0,0.0,0.0,0.0,0.0,0.0,0.0001,0.0,0.0,0.0001,0.0,0.0,0.0,-0.0016,0.0024,-0.0043,0.0091,-0.0016,0.0405,-0.0555,-0.0756,-0.014,0.1468,-0.0621,-0.0109,-0.0564,-0.0828,-0.0133,0.1718,-0.0729,-0.0319,-0.0284,-0.0005,-0.0077,-0.004,0.0186,0.0001,0.0015,-0.0001,0.0261,-0.0074,0.0046,0.0438,0.0002,0.0015,0.0001,-1.0,-1.0,-1.0,-1.0,-1.0,-1.0,-1.0,-1.0,-1.0,-1.0,-1.0,-1.0,-1.0,-1.0,-1.0,-1.0,-1.0,-1.0,-1.0,-1.0,-1.0,-1.0,-1.0,-1.0,-1.0,-1.0,-1.0,-1.0,-1.0,-1.0,-1.0,-1.0,-1.0,-1.0,-1.0,-1.0,-1.0,-1.0,-1.0,-1.0,-1.0,-1.0,-1.0,-1.0,-1.0,-1.0,-1.0,-1.0,-1.0,-1.0,-1.0,-1.0,-1.0,-1.0,-1.0,-1.0,-1.0,-1.0,-1.0,-1.0,-1.0,-1.0,-1.0,-1.037232477759258,-0.7299511184880596,-4.867380809543824
2,0.004,0.5854182790949217,0.4071410288977315,2.959196488174175,-1.037232477759258,-0.7299511184880596,-4.906620809543824,0.05136623916533847,0.19,0.0,1.028,1.0,0.0,-0.0002,0.0,-0.0007,0.0009,-0.0002,-0.0005,-0.0008,0.0005,0.0008,0.0005,-0.0001,-0.0001,-0.0003,0.0004,-0.0003,-0.0001,-0.0002,0.0,-0.0001,0.0,-0.0001,0.0,-0.0005,-0.0002,0.0,0.0001,0.0,-0.0001,0.0,0.0166,0.0104,-0.0053,0.0291,-0.1705,-0.078,-0.2795,0.5371,-0.0841,-0.4067,-0.3511,0.2596,0.4363,0.3526,-0.0585,-0.23,-0.0554,0.2356,-0.1178,-0.0381,-0.0896,0.02,-0.081,-0.0052,-0.0764,0.0003,-0.2597,-0.1078,0.0163,0.0135,-0.0026,-0.044,0.0003,-1.0,-1.0,-1.0,-1.0,-1.0,-1.0,-1.0,-1.0,-1.0,-1.0,-1.0,-1.0,-1.0,-1.0,-1.0,-1.0,-1.0,-1.0,-1.0,-1.0,-1.0,-1.0,-1.0,-1.0,-1.0,-1.0,-1.0,-1.0,-1.0,-1.0,-1.0,-1.0,-1.0,-1.0,-1.0,-1.0,-1.0,-1.0,-1.0,-1.0,-1.0,-1.0,-1.0,-1.0,-1.0,-1.0,-1.0,-1.0,-1.0,-1.0,-1.0,-1.0,-1.0,-1.0,-1.0,-1.0,-1.0,-1.0,-1.0,-1.0,-1.0,-1.0,-1.0,-1.037232477759258,-0.7299511184880596,-4.867380809543824
3,0.006,0.5833438141394032,0.4056811266607554,2.949363626555087,-1.037232477759258,-0.7299511184880596,-4.926240809543824,0.05136623916533847,0.1901,0.0001,1.028,1.0,0.0001,-0.0005,-0.0006,-0.0011,0.0033,-0.0005,-0.0026,-0.0015,0.0009,0.0039,0.0019,-0.0003,-0.0011,0.0003,0.0009,0.0008,-0.0006,-0.0009,0.0002,-0.0003,0.0,-0.0007,0.0,-0.0012,-0.001,0.0002,-0.0001,0.0,-0.0004,0.0,0.0317,0.0215,-0.005,0.0624,-0.3267,-0.5943,-0.1956,1.1712,-0.1751,-1.0165,-0.3583,0.2197,1.5671,0.6742,-0.0733,-0.4836,0.2981,0.2708,0.5539,-0.2733,-0.3365,0.0973,-0.1058,-0.0156,-0.2575,0.001,-0.3517,-0.3926,0.0763,-0.0889,-0.0065,-0.147,0.0007,-1.0,-1.0,-1.0,-1.0,-1.0,-1.0,-1.0,-1.0,-1.0,-1.0,-1.0,-1.0,-1.0,-1.0,-1.0,-1.0,-1.0,-1.0,-1.0,-1.0,-1.0,-1.0,-1.0,-1.0,-1.0,-1.0,-1.0,-1.0,-1.0,-1.0,-1.0,-1.0,-1.0,-1.0,-1.0,-1.0,-1.0,-1.0,-1.0,-1.0,-1.0,-1.0,-1.0,-1.0,-1.0,-1.0,-1.0,-1.0,-1.0,-1.0,-1.0,-1.0,-1.0,-1.0,-1.0,-1.0,-1.0,-1.0,-1.0,-1.0,-1.0,-1.0,-1.0,-1.037232477759258,-0.7299511184880596,-4.867380809543824
4,0.008,0.5812693491838846,0.4042212244237793,2.939491524936,-1.037232477759258,-0.7299511184880596,-4.945860809543824,0.05136623916533847,0.1902,0.0001,1.028,1.0,0.0002,-0.001,-0.0022,-0.0007,0.0071,-0.0011,-0.0059,-0.0023,0.0013,0.0091,0.0036,-0.0005,-0.0024,0.0008,0.0016,0.0047,-0.002,-0.0019,0.0008,-0.0005,-0.0001,-0.0016,0.0,-0.0017,-0.0023,0.0007,-0.0005,0.0,-0.0009,0.0,0.0489,0.0266,0.0004,0.0839,-0.4844,-1.5363,0.1877,1.901,-0.2554,-1.6875,-0.3887,0.1566,2.5912,0.8664,-0.1141,-0.6351,0.2536,0.3141,1.9379,-0.6705,-0.5163,0.2707,-0.0673,-0.0255,-0.461,0.0027,-0.2654,-0.6245,0.2311,-0.2364,-0.0076,-0.2506,0.002,-1.0,-1.0,-1.0,-1.0,-1.0,-1.0,-1.0,-1.0,-1.0,-1.0,-1.0,-1.0,-1.0,-1.0,-1.0,-1.0,-1.0,-1.0,-1.0,-1.0,-1.0,-1.0,-1.0,-1.0,-1.0,-1.0,-1.0,-1.0,-1.0,-1.0,-1.0,-1.0,-1.0,-1.0,-1.0,-1.0,-1.0,-1.0,-1.0,-1.0,-1.0,-1.0,-1.0,-1.0,-1.0,-1.0,-1.0,-1.0,-1.0,-1.0,-1.0,-1.0,-1.0,-1.0,-1.0,-1.0,-1.0,-1.0,-1.0,-1.0,-1.0,-1.0,-1.0,-1.037232477759258,-0.7299511184880596,-4.867380809543824
5,0.01,0.5791948842283662,0.40276132218680316,2.929580183316912,-1.037232477759258,-0.7299511184880596,-4.965480809543823,0.05136623916533847,0.1903,0.0002,1.028,1.0,0.0003,-0.0016,-0.0047,0.0006,0.0123,-0.0017,-0.0106,-0.0032,0.0014,0.0161,0.0056,-0.0008,-0.0037,0.0015,0.0021,0.0115,-0.0041,-0.0029,0.0015,-0.0005,-0.0002,-0.0029,0.0,-0.002,-0.0036,0.0013,-0.0013,0.0,-0.0015,0.0,0.0662,0.0254,0.0057,0.1133,-0.6395,-2.5293,0.6216,2.6232,-0.339,-2.3424,-0.4268,0.0854,3.5188,0.9944,-0.146,-0.6939,0.318,0.2395,3.3822,-1.0782,-0.4961,0.3556,-0.0239,-0.0333,-0.6385,0.0059,-0.1651,-0.667,0.3259,-0.3915,-0.0065,-0.3298,0.0047,-1.0,-1.0,-1.0,-1.0,-1.0,-1.0,-1.0,-1.0,-1.0,-1.0,-1.0,-1.0,-1.0,-1.0,-1.0,-1.0,-1.0,-1.0,-1.0,-1.0,-1.0,-1.0,-1.0,-1.0,-1.0,-1.0,-1.0,-1.0,-1.0,-1.0,-1.0,-1.0,-1.0,-1.0,-1.0,-1.0,-1.0,-1.0,-1.0,-1.0,-1.0,-1.0,-1.0,-1.0,-1.0,-1.0,-1.0,-1.0,-1.0,-1.0,-1.0,-1.0,-1.0,-1.0,-1.0,-1.0,-1.0,-1.0,-1.0,-1.0,-1.0,-1.0,-1.0,-1.037232477759258,-0.7299511184880596,-4.867380809543824
6,0.012,0.5771204192728476,0.40130141994982704,2.9196296016978245,-1.037232477759258,-0.7299511184880596,-4.985100809543824,0.05136623916533847,0.1905,0.0002,1.028,1.0,0.0005,-0.0024,-0.008,0.0025,0.0189,-0.0026,-0.0165,-0.004,0.0015,0.0246,0.0079,-0.0012,-0.0052,0.0022,0.0024,0.0204,-0.0069,-0.0035,0.0023,-0.0005,-0.0002,-0.0044,0.0,-0.0023,-0.0047,0.0021,-0.0024,-0.0001,-0.0023,0.0,0.0825,0.0205,0.0111,0.1512,-0.7881,-3.3458,0.9491,3.2748,-0.4261,-2.9289,-0.4375,0.0477,4.2585,1.1242,-0.1833,-0.7363,0.3671,0.1965,4.4823,-1.3974,-0.3286,0.4029,-0.0116,-0.0377,-0.7522,0.0091,-0.1537,-0.5455,0.3723,-0.5193,-0.0044,-0.3722,0.0075,-1.0,-1.0,-1.0,-1.0,-1.0,-1.0,-1.0,-1.0,-1.0,-1.0,-1.0,-1.0,-1.0,-1.0,-1.0,-1.0,-1.0,-1.0,-1.0,-1.0,-1.0,-1.0,-1.0,-1.0,-1.0,-1.0,-1.0,-1.0,-1.0,-1.0,-1.0,-1.0,-1.0,-1.0,-1.0,-1.0,-1.0,-1.0,-1.0,-1.0,-1.0,-1.0,-1.0,-1.0,-1.0,-1.0,-1.0,-1.0,-1.0,-1.0,-1.0,-1.0,-1.0,-1.0,-1.0,-1.0,-1.0,-1.0,-1.0,-1.0,-1.0,-1.0,-1.0,-1.037232477759258,-0.7299511184880596,-4.867380809543824
7,0.014,0.5750459543173291,0.3998415177128509,2.9096397800787366,-1.037232477759258,-0.7299511184880596,-5.004720809543824,0.05136623916533847,0.1907,0.0003,1.028,0.9999,0.0006,-0.0033,-0.011,0.0037,0.0258,-0.0035,-0.0226,-0.0047,0.0015,0.0322,0.0102,-0.0015,-0.0061,0.0026,0.0027,0.0279,-0.0096,-0.0039,0.0029,-0.0009,-0.0003,-0.0058,0.0001,-0.0032,-0.0058,0.003,-0.0034,-0.0001,-0.003,0.0,0.0927,0.0223,0.0092,0.1571,-0.9106,-2.9928,0.6012,3.4589,-0.4387,-3.0688,-0.3271,0.0129,3.785,1.1855,-0.1852,-0.4649,0.1709,0.1142,3.7613,-1.3575,-0.1869,0.2925,-0.166,-0.0339,-0.6936,0.0089,-0.4271,-0.5755,0.4511,-0.5413,-0.0031,-0.3676,0.0077,-1.0,-1.0,-1.0,-1.0,-1.0,-1.0,-1.0,-1.0,-1.0,-1.0,-1.0,-1.0,-1.0,-1.0,-1.0,-1.0,-1.0,-1.0,-1.0,-1.0,-1.0,-1.0,-1.0,-1.0,-1.0,-1.0,-1.0,-1.0,-1.0,-1.0,-1.0,-1.0,-1.0,-1.0,-1.0,-1.0,-1.0,-1.0,-1.0,-1.0,-1.0,-1.0,-1.0,-1.0,-1.0,-1.0,-1.0,-1.0,-1.0,-1.0,-1.0,-1.0,-1.0,-1.0,-1.0,-1.0,-1.0,-1.0,-1.0,-1.0,-1.0,-1.0,-1.0,-1.037232477759258,-0.7299511184880596,-4.867380809543824
8,0.016,0.5729714893618106,0.3983816154758748,2.899610718459649,-1.037232477759258,-0.7299511184880596,-5.024340809543824,0.05136623916533847,0.1909,0.0003,1.028,0.9999,0.0008,-0.0043,-0.0137,0.0042,0.0326,-0.0043,-0.0285,-0.0052,0.0015,0.0388,0.0126,-0.0019,-0.0067,0.0026,0.0028,0.0342,-0.0124,-0.004,0.0033,-0.0015,-0.0004,-0.007,0.0001,-0.0043,-0.007,0.004,-0.0046,-0.0001,-0.0037,0.0001,0.0965,0.0226,0.0065,0.1549,-0.9749,-2.6241,0.2897,3.4307,-0.4356,-2.9642,-0.265,-0.0126,3.3152,1.1995,-0.1752,-0.253,0.0188,0.0363,3.1217,-1.3708,-0.0587,0.1921,-0.3216,-0.0301,-0.635,0.0087,-0.568,-0.5829,0.5219,-0.572,-0.0019,-0.3635,0.008,-1.0,-1.0,-1.0,-1.0,-1.0,-1.0,-1.0,-1.0,-1.0,-1.0,-1.0,-1.0,-1.0,-1.0,-1.0,-1.0,-1.0,-1.0,-1.0,-1.0,-1.0,-1.0,-1.0,-1.0,-1.0,-1.0,-1.0,-1.0,-1.0,-1.0,-1.0,-1.0,-1.0,-1.0,-1.0,-1.0,-1.0,-1.0,-1.0,-1.0,-1.0,-1.0,-1.0,-1.0,-1.0,-1.0,-1.0,-1.0,-1.0,-1.0,-1.0,-1.0,-1.0,-1.0,-1.0,-1.0,-1.0,-1.0,-1.0,-1.0,-1.0,-1.0,-1.0,-1.037232477759258,-0.7299511184880596,-4.867380809543824
9,0.018,0.5708970244062921,0.3969217132388987,2.8895424168405612,-1.037232477759258,-0.7299511184880596,-5.043960809543824,0.05136623916533847,0.1911,0.0003,1.028,0.9999,0.0009,-0.0053,-0.0159,0.0043,0.0391,-0.0052,-0.0338,-0.0057,0.0014,0.0445,0.015,-0.0022,-0.0069,0.0024,0.0027,0.0393,-0.0151,-0.0039,0.0035,-0.0022,-0.0004,-0.0082,0.0001,-0.0055,-0.0081,0.0052,-0.0058,-0.0001,-0.0045,0.0001,0.0955,0.0219,0.0037,0.1497,-0.9876,-2.2465,0.0067,3.2196,-0.4246,-2.6455,-0.2562,-0.0359,2.8517,1.1873,-0.1611,-0.1248,-0.0795,-0.0349,2.5464,-1.3832,0.0608,0.102,-0.3575,-0.0268,-0.5828,0.0085,-0.5963,-0.5627,0.59,-0.6056,-0.0009,-0.3594,0.0083,-1.0,-1.0,-1.0,-1.0,-1.0,-1.0,-1.0,-1.0,-1.0,-1.0,-1.0,-1.0,-1.0,-1.0,-1.0,-1.0,-1.0,-1.0,-1.0,-1.0,-1.0,-1.0,-1.0,-1.0,-1.0,-1.0,-1.0,-1.0,-1.0,-1.0,-1.0,-1.0,-1.0,-1.0,-1.0,-1.0,-1.0,-1.0,-1.0,-1.0,-1.0,-1.0,-1.0,-1.0,-1.0,-1.0,-1.0,-1.0,-1.0,-1.0,-1.0,-1.0,-1.0,-1.0,-1.0,-1.0,-1.0,-1.0,-1.0,-1.0,-1.0,-1.0,-1.0,-1.037232477759258,-0.7299511184880596,-4.867380809543824
10,0.02,0.5688225594507735,0.39546181100192257,2.879434875221474,-1.037232477759258,-0.7299511184880596,-5.063580809543824,0.05136623916533847,0.1912,0.0004,1.028,0.9998,0.001,-0.0062,-0.0178,0.0036,0.0448,-0.006,-0.0381,-0.0065,0.0015,0.0493,0.0173,-0.0025,-0.0071,0.0022,0.0025,0.0434,-0.0179,-0.0036,0.0035,-0.0028,-0.0005,-0.0093,0.0001,-0.0066,-0.0092,0.0065,-0.0071,-0.0001,-0.0052,0.0001,0.0902,0.0202,0.0002,0.1386,-0.9511,-1.8743,-0.3082,2.8616,-0.4136,-2.1329,-0.3527,0.0218,2.4037,1.1584,-0.1411,-0.0963,-0.1129,-0.1007,2.0382,-1.3793,0.1734,0.0231,-0.2955,-0.0239,-0.5368,0.0082,-0.5292,-0.5156,0.6583,-0.6403,0.0,-0.3554,0.0086,-1.0,-1.0,-1.0,-1.0,-1.0,-1.0,-1.0,-1.0,-1.0,-1.0,-1.0,-1.0,-1.0,-1.0,-1.0,-1.0,-1.0,-1.0,-1.0,-1.0,-1.0,-1.0,-1.0,-1.0,-1.0,-1.0,-1.0,-1.0,-1.0,-1.0,-1.0,-1.0,-1.0,-1.0,-1.0,-1.0,-1.0,-1.0,-1.0,-1.0,-1.0,-1.0,-1.0,-1.0,-1.0,-1.0,-1.0,-1.0,-1.0,-1.0,-1.0,-1.0,-1.0,-1.0,-1.0,-1.0,-1.0,-1.0,-1.0,-1.0,-1.0,-1.0,-1.0,-1.037232477759258,-0.7299511184880596,-4.867380809543824
11,0.022,0.566748094495255,0.39400190876494645,2.869288093602386,-1.037232477759258,-0.7299511184880596,-5.083200809543824,0.05136623916533847,0.1914,0.0004,1.028,0.9998,0.0012,-0.0071,-0.0193,0.0025,0.0497,-0.0068,-0.0412,-0.0074,0.0016,0.0533,0.0196,-0.0027,-0.0073,0.002,0.0022,0.0465,-0.0206,-0.003,0.0034,-0.0032,-0.0005,-0.0103,0.0001,-0.0074,-0.0101,0.0079,-0.0084,-0.0001,-0.0059,0.0001,0.0837,0.0181,-0.003,0.1256,-0.8958,-1.5204,-0.5638,2.4408,-0.3944,-1.5553,-0.4544,0.0712,1.9754,1.1266,-0.1205,-0.1172,-0.114,-0.1455,1.5844,-1.3646,0.2737,-0.0477,-0.1898,-0.0213,-0.495,0.0079,-0.4192,-0.4514,0.7217,-0.6701,0.0009,-0.351,0.009,-1.0,-1.0,-1.0,-1.0,-1.0,-1.0,-1.0,-1.0,-1.0,-1.0,-1.0,-1.0,-1.0,-1.0,-1.0,-1.0,-1.0,-1.0,-1.0,-1.0,-1.0,-1.0,-1.0,-1.0,-1.0,-1.0,-1.0,-1.0,-1.0,-1.0,-1.0,-1.0,-1.0,-1.0,-1.0,-1.0,-1.0,-1.0,-1.0,-1.0,-1.0,-1.0,-1.0,-1.0,-1.0,-1.0,-1.0,-1.0,-1.0,-1.0,-1.0,-1.0,-1.0,-1.0,-1.0,-1.0,-1.0,-1.0,-1.0,-1.0,-1.0,-1.0,-1.0,-1.037232477759258,-0.7299511184880596,-4.867380809543824
12,0.024,0.5646736295397365,0.39254200652797033,2.8591020719832985,-1.037232477759258,-0.7299511184880596,-5.102820809543823,0.05136623916533847,0.1916,0.0004,1.028,0.9998,0.0012,-0.008,-0.0207,0.0008,0.0544,-0.0076,-0.0437,-0.0086,0.0019,0.0568,0.0219,-0.0029,-0.0076,0.0017,0.0019,0.0494,-0.0235,-0.0021,0.0033,-0.0037,-0.0005,-0.0112,0.0001,-0.0081,-0.0111,0.0095,-0.0097,-0.0001,-0.0066,0.0001,0.0854,0.0125,-0.0062,0.0963,-0.9175,-1.4026,-0.8528,2.3483,-0.3789,-1.2611,-0.5986,0.1454,1.7581,1.1563,-0.0751,-0.1177,-0.1388,-0.1424,1.4257,-1.4325,0.4724,-0.0524,-0.2504,-0.0191,-0.4659,0.0086,-0.3608,-0.5381,0.8008,-0.6353,0.0022,-0.3588,0.0099,-1.0,-1.0,-1.0,-1.0,-1.0,-1.0,-1.0,-1.0,-1.0,-1.0,-1.0,-1.0,-1.0,-1.0,-1.0,-1.0,-1.0,-1.0,-1.0,-1.0,-1.0,-1.0,-1.0,-1.0,-1.0,-1.0,-1.0,-1.0,-1.0,-1.0,-1.0,-1.0,-1.0,-1.0,-1.0,-1.0,-1.0,-1.0,-1.0,-1.0,-1.0,-1.0,-1.0,-1.0,-1.0,-1.0,-1.0,-1.0,-1.0,-1.0,-1.0,-1.0,-1.0,-1.0,-1.0,-1.0,-1.0,-1.0,-1.0,-1.0,-1.0,-1.0,-1.0,-1.037232477759258,-0.7299511184880596,-4.867380809543824
13,0.026,0.562599164584218,0.3910821042909942,2.848876810364211,-1.037232477759258,-0.7299511184880596,-5.122440809543824,0.05136623916533847,0.1918,0.0005,1.028,0.9997,0.0013,-0.009,-0.022,-0.0014,0.0587,-0.0083,-0.0454,-0.0101,0.0024,0.0599,0.0243,-0.003,-0.0079,0.0015,0.0017,0.0519,-0.0264,-0.0007,0.0032,-0.0043,-0.0006,-0.0121,0.0002,-0.0087,-0.0123,0.0113,-0.0109,-0.0001,-0.0073,0.0002,0.0869,0.0062,-0.011,0.072,-0.9306,-1.2541,-1.0891,2.1685,-0.3612,-0.8526,-0.756,0.2274,1.5486,1.1988,-0.0341,-0.1566,-0.1019,-0.1228,1.238,-1.4769,0.6761,-0.0541,-0.2827,-0.0171,-0.4379,0.0093,-0.2614,-0.5961,0.8735,-0.6131,0.0033,-0.3651,0.0107,-1.0,-1.0,-1.0,-1.0,-1.0,-1.0,-1.0,-1.0,-1.0,-1.0,-1.0,-1.0,-1.0,-1.0,-1.0,-1.0,-1.0,-1.0,-1.0,-1.0,-1.0,-1.0,-1.0,-1.0,-1.0,-1.0,-1.0,-1.0,-1.0,-1.0,-1.0,-1.0,-1.0,-1.0,-1.0,-1.0,-1.0,-1.0,-1.0,-1.0,-1.0,-1.0,-1.0,-1.0,-1.0,-1.0,-1.0,-1.0,-1.0,-1.0,-1.0,-1.0,-1.0,-1.0,-1.0,-1.0,-1.0,-1.0,-1.0,-1.0,-1.0,-1.0,-1.0,-1.037232477759258,-0.7299511184880596,-4.867380809543824
14,0.028,0.5605246996286994,0.3896222020540181,2.838612308745123,-1.037232477759258,-0.7299511184880596,-5.142060809543824,0.05136623916533847,0.1919,0.0005,1.028,0.9997,0.0013,-0.0099,-0.023,-0.0039,0.0625,-0.009,-0.046,-0.012,0.003,0.0626,0.0267,-0.0029,-0.0082,0.0013,0.0014,0.0539,-0.0295,0.001,0.0031,-0.0048,-0.0006,-0.0129,0.0002,-0.0089,-0.0136,0.0132,-0.0121,0.0,-0.0081,0.0002,0.0875,-0.0009,-0.0155,0.0481,-0.9382,-1.0852,-1.2665,1.8953,-0.3349,-0.3036,-0.942,0.3129,1.3428,1.2161,0.0083,-0.1492,-0.0887,-0.1053,1.0342,-1.5031,0.8873,-0.049,-0.2858,-0.015,-0.4109,0.01,-0.1256,-0.6283,0.9426,-0.5966,0.0044,-0.3697,0.0114,-1.0,-1.0,-1.0,-1.0,-1.0,-1.0,-1.0,-1.0,-1.0,-1.0,-1.0,-1.0,-1.0,-1.0,-1.0,-1.0,-1.0,-1.0,-1.0,-1.0,-1.0,-1.0,-1.0,-1.0,-1.0,-1.0,-1.0,-1.0,-1.0,-1.0,-1.0,-1.0,-1.0,-1.0,-1.0,-1.0,-1.0,-1.0,-1.0,-1.0,-1.0,-1.0,-1.0,-1.0,-1.0,-1.0,-1.0,-1.0,-1.0,-1.0,-1.0,-1.0,-1.0,-1.0,-1.0,-1.0,-1.0,-1.0,-1.0,-1.0,-1.0,-1.0,-1.0,-1.037232477759258,-0.7299511184880596,-4.867380809543824
15,0.03,0.558450234673181,0.388162299817042,2.8283085671260353,-1.037232477759258,-0.7299511184880596,-5.161680809543824,0.05136623916533847,0.1921,0.0004,1.0279,0.9997,0.0014,-0.0109,-0.024,-0.0067,0.0657,-0.0096,-0.0455,-0.0142,0.0038,0.0648,0.0291,-0.0028,-0.0084,0.0011,0.0013,0.0556,-0.0325,0.0032,0.003,-0.0054,-0.0006,-0.0137,0.0002,-0.0089,-0.0149,0.0152,-0.0133,0.0,-0.0088,0.0002,0.0882,-0.0083,-0.0203,0.0244,-0.9502,-0.9131,-1.3943,1.5993,-0.3032,0.2796,-1.115,0.3989,1.124,1.2136,0.0488,-0.0918,-0.0961,-0.0904,0.8309,-1.5294,1.0931,-0.0408,-0.2697,-0.0131,-0.3852,0.0106,0.0098,-0.6457,1.0037,-0.5894,0.0054,-0.3733,0.012,-1.0,-1.0,-1.0,-1.0,-1.0,-1.0,-1.0,-1.0,-1.0,-1.0,-1.0,-1.0,-1.0,-1.0,-1.0,-1.0,-1.0,-1.0,-1.0,-1.0,-1.0,-1.0,-1.0,-1.0,-1.0,-1.0,-1.0,-1.0,-1.0,-1.0,-1.0,-1.0,-1.0,-1.0,-1.0,-1.0,-1.0,-1.0,-1.0,-1.0,-1.0,-1.0,-1.0,-1.0,-1.0,-1.0,-1.0,-1.0,-1.0,-1.0,-1.0,-1.0,-1.0,-1.0,-1.0,-1.0,-1.0,-1.0,-1.0,-1.0,-1.0,-1.0,-1.0,-1.037232477759258,-0.7299511184880596,-4.867380809543824
16,0.032,0.5563757697176624,0.38670239758006586,2.817965585506948,-1.037232477759258,-0.7299511184880596,-5.181300809543824,0.05136623916533847,0.1923,0.0004,1.0279,0.9996,0.0014,-0.0118,-0.0247,-0.0097,0.0686,-0.0101,-0.0444,-0.0165,0.0047,0.0666,0.0314,-0.0027,-0.0081,0.0005,0.0014,0.0566,-0.0356,0.0059,0.003,-0.006,-0.0007,-0.0144,0.0002,-0.0089,-0.0161,0.0172,-0.0144,0.0,-0.0096,0.0002,0.0882,-0.0129,-0.0236,0.0151,-0.9647,-0.7343,-1.4919,1.4556,-0.2889,0.5404,-1.1715,0.4638,0.8772,1.1348,0.0608,0.1409,-0.3284,0.0593,0.5148,-1.5272,1.3224,-0.0109,-0.2869,-0.0139,-0.3665,0.0111,0.0122,-0.6181,1.0045,-0.5781,0.006,-0.392,0.0123,-1.0,-1.0,-1.0,-1.0,-1.0,-1.0,-1.0,-1.0,-1.0,-1.0,-1.0,-1.0,-1.0,-1.0,-1.0,-1.0,-1.0,-1.0,-1.0,-1.0,-1.0,-1.0,-1.0,-1.0,-1.0,-1.0,-1.0,-1.0,-1.0,-1.0,-1.0,-1.0,-1.0,-1.0,-1.0,-1.0,-1.0,-1.0,-1.0,-1.0,-1.0,-1.0,-1.0,-1.0,-1.0,-1.0,-1.0,-1.0,-1.0,-1.0,-1.0,-1.0,-1.0,-1.0,-1.0,-1.0,-1.0,-1.0,-1.0,-1.0,-1.0,-1.0,-1.0,-1.037232477759258,-0.7299511184880596,-4.867380809543824
17,0.034,0.5543013047621439,0.38524249534308974,2.80758336388786,-1.037232477759258,-0.7299511184880596,-5.200920809543824,0.05136623916533847,0.1925,0.0004,1.0278,0.9996,0.0014,-0.0128,-0.0252,-0.0127,0.0712,-0.0107,-0.0428,-0.0188,0.0055,0.0679,0.0336,-0.0026,-0.0074,-0.0006,0.0018,0.057,-0.0386,0.009,0.003,-0.0065,-0.0007,-0.0151,0.0002,-0.0088,-0.0173,0.0192,-0.0156,0.0,-0.0104,0.0003,0.0888,-0.0171,-0.025,0.0114,-0.9811,-0.5481,-1.4924,1.2769,-0.2624,0.8066,-1.1438,0.3806,0.6297,1.0757,0.0664,0.342,-0.5336,0.1965,0.2072,-1.5261,1.5372,0.0133,-0.2832,-0.0145,-0.348,0.0115,0.0214,-0.5856,1.0045,-0.5788,0.0064,-0.4079,0.0125,-1.0,-1.0,-1.0,-1.0,-1.0,-1.0,-1.0,-1.0,-1.0,-1.0,-1.0,-1.0,-1.0,-1.0,-1.0,-1.0,-1.0,-1.0,-1.0,-1.0,-1.0,-1.0,-1.0,-1.0,-1.0,-1.0,-1.0,-1.0,-1.0,-1.0,-1.0,-1.0,-1.0,-1.0,-1.0,-1.0,-1.0,-1.0,-1.0,-1.0,-1.0,-1.0,-1.0,-1.0,-1.0,-1.0,-1.0,-1.0,-1.0,-1.0,-1.0,-1.0,-1.0,-1.0,-1.0,-1.0,-1.0,-1.0,-1.0,-1.0,-1.0,-1.0,-1.0,-1.037232477759258,-0.7299511184880596,-4.867380809543824
18,0.036,0.5522268398066255,0.3837825931061136,2.7971619022687726,-1.037232477759258,-0.7299511184880596,-5.220540809543824,0.05136623916533847,0.1926,0.0003,1.0278,0.9996,0.0013,-0.0138,-0.0256,-0.0156,0.0734,-0.0111,-0.0406,-0.021,0.0061,0.0684,0.0356,-0.0025,-0.0063,-0.0016,0.0021,0.0569,-0.0417,0.0124,0.0031,-0.0071,-0.0007,-0.0157,0.0003,-0.0088,-0.0184,0.0212,-0.0168,0.0,-0.0113,0.0003,0.0903,-0.0208,-0.0289,0.0106,-1.0011,-0.3777,-1.472,1.0925,-0.2389,1.102,-1.1179,0.3089,0.2934,0.9972,0.0591,0.5396,-0.5135,0.1686,-0.0748,-1.5279,1.7374,0.0331,-0.2708,-0.0149,-0.33,0.0118,0.0318,-0.5482,1.0046,-0.5971,0.0066,-0.4215,0.0127,-1.0,-1.0,-1.0,-1.0,-1.0,-1.0,-1.0,-1.0,-1.0,-1.0,-1.0,-1.0,-1.0,-1.0,-1.0,-1.0,-1.0,-1.0,-1.0,-1.0,-1.0,-1.0,-1.0,-1.0,-1.0,-1.0,-1.0,-1.0,-1.0,-1.0,-1.0,-1.0,-1.0,-1.0,-1.0,-1.0,-1.0,-1.0,-1.0,-1.0,-1.0,-1.0,-1.0,-1.0,-1.0,-1.0,-1.0,-1.0,-1.0,-1.0,-1.0,-1.0,-1.0,-1.0,-1.0,-1.0,-1.0,-1.0,-1.0,-1.0,-1.0,-1.0,-1.0,-1.037232477759258,-0.7299511184880596,-4.867380809543824
19,0.038,0.5501523748511069,0.3823226908691375,2.786701200649685,-1.037232477759258,-0.7299511184880596,-5.2401608095438235,0.05136623916533847,0.1928,0.0003,1.0277,0.9996,0.0013,-0.0148,-0.0258,-0.0185,0.0751,-0.0115,-0.0377,-0.0233,0.0066,0.0686,0.0375,-0.0023,-0.005,-0.0029,0.0021,0.0562,-0.0447,0.0163,0.0032,-0.0076,-0.0008,-0.0164,0.0003,-0.0087,-0.0194,0.0232,-0.018,0.0,-0.0121,0.0003,0.0908,-0.0255,-0.0311,-0.0017,-1.0169,-0.1902,-1.4595,0.8781,-0.1986,1.446,-1.1074,0.246,0.0559,0.972,0.0916,0.6601,-0.652,-0.0217,-0.358,-1.5368,1.9188,0.0492,-0.2506,-0.0151,-0.3125,0.0121,0.0481,-0.5088,1.0055,-0.6228,0.0069,-0.4342,0.0129,-1.0,-1.0,-1.0,-1.0,-1.0,-1.0,-1.0,-1.0,-1.0,-1.0,-1.0,-1.0,-1.0,-1.0,-1.0,-1.0,-1.0,-1.0,-1.0,-1.0,-1.0,-1.0,-1.0,-1.0,-1.0,-1.0,-1.0,-1.0,-1.0,-1.0,-1.0,-1.0,-1.0,-1.0,-1.0,-1.0,-1.0,-1.0,-1.0,-1.0,-1.0,-1.0,-1.0,-1.0,-1.0,-1.0,-1.0,-1.0,-1.0,-1.0,-1.0,-1.0,-1.0,-1.0,-1.0,-1.0,-1.0,-1.0,-1.0,-1.0,-1.0,-1.0,-1.0,-1.037232477759258,-0.7299511184880596,-4.867380809543824
20,0.04,0.5480779098955884,0.3808627886321614,2.7762012590305973,-1.037232477759258,-0.7299511184880596,-5.259780809543824,0.05136623916533847,0.193,0.0002,1.0276,0.9995,0.0013,-0.0159,-0.0258,-0.0213,0.0764,-0.0118,-0.0341,-0.0255,0.007,0.0682,0.0394,-0.0021,-0.0035,-0.0041,0.002,0.0549,-0.0477,0.0205,0.0033,-0.008,-0.0008,-0.017,0.0003,-0.0085,-0.0203,0.0252,-0.0193,0.0,-0.013,0.0003,0.0933,-0.0297,-0.0349,-0.009,-1.029,-0.0201,-1.3628,0.6642,-0.1531,1.7801,-1.0972,0.1822,-0.1743,0.9535,0.0999,0.7415,-0.6048,-0.0146,-0.6529,-1.4841,2.1022,0.0667,-0.1972,-0.0155,-0.2926,0.0122,0.088,-0.4699,1.0,-0.6191,0.0062,-0.4455,0.0129,-1.0,-1.0,-1.0,-1.0,-1.0,-1.0,-1.0,-1.0,-1.0,-1.0,-1.0,-1.0,-1.0,-1.0,-1.0,-1.0,-1.0,-1.0,-1.0,-1.0,-1.0,-1.0,-1.0,-1.0,-1.0,-1.0,-1.0,-1.0,-1.0,-1.0,-1.0,-1.0,-1.0,-1.0,-1.0,-1.0,-1.0,-1.0,-1.0,-1.0,-1.0,-1.0,-1.0,-1.0,-1.0,-1.0,-1.0,-1.0,-1.0,-1.0,-1.0,-1.0,-1.0,-1.0,-1.0,-1.0,-1.0,-1.0,-1.0,-1.0,-1.0,-1.0,-1.0,-1.037232477759258,-0.7299511184880596,-4.867380809543824
21,0.042,0.5460034449400699,0.37940288639518527,2.7656620774115095,-1.037232477759258,-0.7299511184880596,-5.279400809543824,0.05136623916533847,0.1932,0.0002,1.0276,0.9995,0.0012,-0.0169,-0.0257,-0.0238,0.0774,-0.012,-0.0299,-0.0276,0.0072,0.0675,0.0413,-0.0018,-0.0019,-0.0055,0.0017,0.053,-0.0506,0.025,0.0035,-0.0082,-0.0008,-0.0175,0.0003,-0.0082,-0.0212,0.0272,-0.0205,0.0,-0.0139,0.0004,0.0953,-0.0341,-0.0374,-0.0221,-1.0385,0.1535,-1.2559,0.4563,-0.0978,2.0983,-1.089,0.132,-0.3399,0.9572,0.1328,0.8028,-0.7076,-0.1619,-0.9429,-1.4328,2.2722,0.0838,-0.1395,-0.0158,-0.2738,0.0123,0.1303,-0.4315,0.9896,-0.6202,0.0056,-0.4574,0.0128,-1.0,-1.0,-1.0,-1.0,-1.0,-1.0,-1.0,-1.0,-1.0,-1.0,-1.0,-1.0,-1.0,-1.0,-1.0,-1.0,-1.0,-1.0,-1.0,-1.0,-1.0,-1.0,-1.0,-1.0,-1.0,-1.0,-1.0,-1.0,-1.0,-1.0,-1.0,-1.0,-1.0,-1.0,-1.0,-1.0,-1.0,-1.0,-1.0,-1.0,-1.0,-1.0,-1.0,-1.0,-1.0,-1.0,-1.0,-1.0,-1.0,-1.0,-1.0,-1.0,-1.0,-1.0,-1.0,-1.0,-1.0,-1.0,-1.0,-1.0,-1.0,-1.0,-1.0,-1.037232477759258,-0.7299511184880596,-4.867380809543824
22,0.044,0.5439289799845514,0.37794298415820915,2.755083655792422,-1.037232477759258,-0.7299511184880596,-5.299020809543824,0.05136623916533847,0.1934,0.0001,1.0275,0.9995,0.0012,-0.0179,-0.0254,-0.026,0.0779,-0.0121,-0.0251,-0.0298,0.0074,0.0665,0.0432,-0.0015,-0.0002,-0.0071,0.0014,0.0505,-0.0533,0.0299,0.0037,-0.0084,-0.0008,-0.018,0.0004,-0.0079,-0.022,0.0291,-0.0218,0.0001,-0.0149,0.0004,0.0976,-0.039,-0.0369,-0.0463,-1.0486,0.3291,-1.133,0.2596,-0.0252,2.4005,-1.0927,0.0955,-0.5019,0.955,0.1722,0.8754,-0.7817,-0.1646,-1.2281,-1.3822,2.4262,0.1009,-0.0791,-0.016,-0.2561,0.0124,0.1762,-0.3942,0.9744,-0.624,0.0052,-0.4667,0.0127,-1.0,-1.0,-1.0,-1.0,-1.0,-1.0,-1.0,-1.0,-1.0,-1.0,-1.0,-1.0,-1.0,-1.0,-1.0,-1.0,-1.0,-1.0,-1.0,-1.0,-1.0,-1.0,-1.0,-1.0,-1.0,-1.0,-1.0,-1.0,-1.0,-1.0,-1.0,-1.0,-1.0,-1.0,-1.0,-1.0,-1.0,-1.0,-1.0,-1.0,-1.0,-1.0,-1.0,-1.0,-1.0,-1.0,-1.0,-1.0,-1.0,-1.0,-1.0,-1.0,-1.0,-1.0,-1.0,-1.0,-1.0,-1.0,-1.0,-1.0,-1.0,-1.0,-1.0,-1.037232477759258,-0.7299511184880596,-4.867380809543824
23,0.046,0.5418545150290328,0.37648308192123303,2.7444659941733343,-1.037232477759258,-0.7299511184880596,-5.318640809543824,0.05136623916533847,0.1936,0.0,1.0274,0.9995,0.001,-0.019,-0.0249,-0.028,0.078,-0.012,-0.0198,-0.032,0.0076,0.0652,0.0451,-0.0011,0.0018,-0.0088,0.0011,0.0475,-0.056,0.035,0.0039,-0.0084,-0.0009,-0.0185,0.0004,-0.0074,-0.0227,0.0311,-0.0231,0.0001,-0.0158,0.0004,0.1,-0.0434,-0.037,-0.0691,-1.06,0.505,-0.9958,0.0726,0.0481,2.6897,-1.0925,0.0746,-0.6772,0.9467,0.2072,0.9615,-0.8616,-0.1657,-1.5101,-1.3332,2.5676,0.117,-0.0195,-0.0163,-0.2393,0.0124,0.2195,-0.3545,0.952,-0.6428,0.0046,-0.4768,0.0125,-1.0,-1.0,-1.0,-1.0,-1.0,-1.0,-1.0,-1.0,-1.0,-1.0,-1.0,-1.0,-1.0,-1.0,-1.0,-1.0,-1.0,-1.0,-1.0,-1.0,-1.0,-1.0,-1.0,-1.0,-1.0,-1.0,-1.0,-1.0,-1.0,-1.0,-1.0,-1.0,-1.0,-1.0,-1.0,-1.0,-1.0,-1.0,-1.0,-1.0,-1.0,-1.0,-1.0,-1.0,-1.0,-1.0,-1.0,-1.0,-1.0,-1.0,-1.0,-1.0,-1.0,-1.0,-1.0,-1.0,-1.0,-1.0,-1.0,-1.0,-1.0,-1.0,-1.0,-1.037232477759258,-0.7299511184880596,-4.867380809543824
24,0.048,0.5397800500735144,0.3750231796842569,2.7338090925542464,-1.037232477759258,-0.7299511184880596,-5.338260809543824,0.05136623916533847,0.1938,-0.0001,1.0273,0.9995,0.0009,-0.0201,-0.0242,-0.0297,0.0778,-0.0118,-0.0138,-0.0342,0.0077,0.0635,0.047,-0.0006,0.0039,-0.0107,0.0007,0.044,-0.0586,0.0404,0.0042,-0.0084,-0.0009,-0.0189,0.0004,-0.0069,-0.0233,0.0329,-0.0244,0.0001,-0.0168,0.0004,0.1027,-0.0475,-0.0373,-0.0898,-1.071,0.6646,-0.8392,-0.098,0.1204,2.9563,-1.092,0.0723,-0.8423,0.9352,0.2373,1.0494,-0.9401,-0.1595,-1.7699,-1.2839,2.6992,0.1319,0.041,-0.0165,-0.2235,0.0125,0.2642,-0.3144,0.9265,-0.667,0.0041,-0.486,0.0123,-1.0,-1.0,-1.0,-1.0,-1.0,-1.0,-1.0,-1.0,-1.0,-1.0,-1.0,-1.0,-1.0,-1.0,-1.0,-1.0,-1.0,-1.0,-1.0,-1.0,-1.0,-1.0,-1.0,-1.0,-1.0,-1.0,-1.0,-1.0,-1.0,-1.0,-1.0,-1.0,-1.0,-1.0,-1.0,-1.0,-1.0,-1.0,-1.0,-1.0,-1.0,-1.0,-1.0,-1.0,-1.0,-1.0,-1.0,-1.0,-1.0,-1.0,-1.0,-1.0,-1.0,-1.0,-1.0,-1.0,-1.0,-1.0,-1.0,-1.0,-1.0,-1.0,-1.0,-1.037232477759258,-0.7299511184880596,-4.867380809543824
25,0.05,0.5377055851179958,0.3735632774472808,2.723112950935159,-1.037232477759258,-0.7299511184880596,-5.357880809543824,0.05136623916533847,0.194,-0.0002,1.0273,0.9995,0.0008,-0.0211,-0.024,-0.0299,0.0765,-0.0116,-0.0058,-0.0354,0.0079,0.0626,0.0471,0.0,0.0093,-0.0144,-0.0004,0.0423,-0.0614,0.0452,0.0041,-0.0077,-0.0009,-0.0189,0.0005,-0.0064,-0.0238,0.0347,-0.0251,0.0001,-0.0178,0.0005,0.0809,-0.046,-0.0364,-0.1178,-1.053,0.1994,-0.085,-0.6735,0.0981,4.0291,-0.6171,0.1019,-0.4344,0.0447,0.289,2.7246,-1.8298,-0.5745,-0.8502,-1.3899,2.3824,-0.0632,0.3338,0.0147,0.0355,0.02,0.2646,-0.2432,0.9126,-0.3776,0.0128,-0.5096,0.0311,-1.0,-1.0,-1.0,-1.0,-1.0,-1.0,-1.0,-1.0,-1.0,-1.0,-1.0,-1.0,-1.0,-1.0,-1.0,-1.0,-1.0,-1.0,-1.0,-1.0,-1.0,-1.0,-1.0,-1.0,-1.0,-1.0,-1.0,-1.0,-1.0,-1.0,-1.0,-1.0,-1.0,-1.0,-1.0,-1.0,-1.0,-1.0,-1.0,-1.0,-1.0,-1.0,-1.0,-1.0,-1.0,-1.0,-1.0,-1.0,-1.0,-1.0,-1.0,-1.0,-1.0,-1.0,-1.0,-1.0,-1.0,-1.0,-1.0,-1.0,-1.0,-1.0,-1.0,-1.037232477759258,-0.7299511184880596,-4.867380809543824
26,0.052,0.5356311201624773,0.3721033752103047,2.712377569316071,-1.037232477759258,-0.7299511184880596,-5.3775008095438235,0.05136623916533847,0.1941,-0.0003,1.0272,0.9995,0.0006,-0.0222,-0.0243,-0.0286,0.0741,-0.0114,0.0041,-0.0358,0.0082,0.0624,0.0454,0.0006,0.018,-0.0198,-0.0014,0.0424,-0.0643,0.0493,0.0035,-0.0064,-0.0008,-0.0185,0.0005,-0.0058,-0.0242,0.0365,-0.0253,0.0001,-0.0189,0.0006,0.061,-0.0458,-0.0316,-0.1627,-1.0394,-0.2611,0.626,-1.1697,0.0959,4.9618,-0.1717,0.1568,-0.1292,-0.843,0.3233,4.3655,-2.7181,-0.5159,0.0629,-1.495,2.0581,-0.2555,0.6225,0.0346,0.1978,0.025,0.2732,-0.1749,0.9032,-0.0781,0.0174,-0.529,0.0406,-1.0,-1.0,-1.0,-1.0,-1.0,-1.0,-1.0,-1.0,-1.0,-1.0,-1.0,-1.0,-1.0,-1.0,-1.0,-1.0,-1.0,-1.0,-1.0,-1.0,-1.0,-1.0,-1.0,-1.0,-1.0,-1.0,-1.0,-1.0,-1.0,-1.0,-1.0,-1.0,-1.0,-1.0,-1.0,-1.0,-1.0,-1.0,-1.0,-1.0,-1.0,-1.0,-1.0,-1.0,-1.0,-1.0,-1.0,-1.0,-1.0,-1.0,-1.0,-1.0,-1.0,-1.0,-1.0,-1.0,-1.0,-1.0,-1.0,-1.0,-1.0,-1.0,-1.0,-1.037232477759258,-0.7299511184880596,-4.867380809543824
27,0.054,0.5335566552069588,0.37064347297332856,2.701602947696984,-1.037232477759258,-0.7299511184880596,-5.397120809543824,0.05136623916533847,0.1942,-0.0004,1.0272,0.9994,0.0004,-0.0232,-0.025,-0.0261,0.0709,-0.0112,0.0156,-0.0352,0.0089,0.0627,0.042,0.0013,0.03,-0.027,-0.0024,0.0443,-0.0675,0.0529,0.003,-0.0046,-0.0007,-0.018,0.0006,-0.0053,-0.0244,0.0383,-0.0249,0.0002,-0.02,0.0006,0.0416,-0.0479,-0.0278,-0.2036,-1.0269,-0.7169,1.2768,-1.6011,0.0919,5.7218,0.2633,0.3127,0.1485,-1.7237,0.3564,5.9914,-3.5742,-0.4732,0.9394,-1.5927,1.8106,-0.275,0.9054,0.0382,0.2283,0.0245,0.2654,-0.0922,0.9016,0.2212,0.016,-0.5428,0.0373,-1.0,-1.0,-1.0,-1.0,-1.0,-1.0,-1.0,-1.0,-1.0,-1.0,-1.0,-1.0,-1.0,-1.0,-1.0,-1.0,-1.0,-1.0,-1.0,-1.0,-1.0,-1.0,-1.0,-1.0,-1.0,-1.0,-1.0,-1.0,-1.0,-1.0,-1.0,-1.0,-1.0,-1.0,-1.0,-1.0,-1.0,-1.0,-1.0,-1.0,-1.0,-1.0,-1.0,-1.0,-1.0,-1.0,-1.0,-1.0,-1.0,-1.0,-1.0,-1.0,-1.0,-1.0,-1.0,-1.0,-1.0,-1.0,-1.0,-1.0,-1.0,-1.0,-1.0,-1.037232477759258,-0.7299511184880596,-4.867380809543824
28,0.056,0.5314821902514403,0.36918357073635244,2.690789086077896,-1.037232477759258,-0.7299511184880596,-5.416740809543824,0.05136623916533847,0.1943,-0.0005,1.0271,0.9994,0.0002,-0.0242,-0.0253,-0.0241,0.068,-0.011,0.0265,-0.036,0.0096,0.0623,0.0392,0.002,0.0409,-0.0336,-0.0029,0.0448,-0.0704,0.057,0.0026,-0.0029,-0.0007,-0.0177,0.0006,-0.0047,-0.0245,0.0401,-0.0247,0.0002,-0.021,0.0007,0.0519,-0.0471,-0.0351,-0.188,-1.037,-0.3223,0.9894,-1.4659,0.0795,5.4436,-0.3664,0.377,-0.1743,-1.3898,0.3298,5.4225,-3.3439,-0.2533,0.2771,-1.4548,2.0585,-0.2192,0.8798,0.0297,0.181,0.0223,0.2942,-0.0859,0.8987,0.0804,0.0134,-0.5423,0.0334,-1.0,-1.0,-1.0,-1.0,-1.0,-1.0,-1.0,-1.0,-1.0,-1.0,-1.0,-1.0,-1.0,-1.0,-1.0,-1.0,-1.0,-1.0,-1.0,-1.0,-1.0,-1.0,-1.0,-1.0,-1.0,-1.0,-1.0,-1.0,-1.0,-1.0,-1.0,-1.0,-1.0,-1.0,-1.0,-1.0,-1.0,-1.0,-1.0,-1.0,-1.0,-1.0,-1.0,-1.0,-1.0,-1.0,-1.0,-1.0,-1.0,-1.0,-1.0,-1.0,-1.0,-1.0,-1.0,-1.0,-1.0,-1.0,-1.0,-1.0,-1.0,-1.0,-1.0,-1.037232477759258,-0.7299511184880596,-4.867380809543824
29,0.058,0.5294077252959217,0.3677236684993763,2.6799359844588087,-1.037232477759258,-0.7299511184880596,-5.436360809543824,0.05136623916533847,0.1944,-0.0006,1.027,0.9994,-0.0001,-0.0252,-0.0248,-0.0224,0.064,-0.0109,0.0391,-0.0385,0.01,0.0604,0.0363,0.0028,0.0524,-0.0398,-0.0031,0.0428,-0.0732,0.0617,0.0017,-0.0012,-0.0005,-0.0174,0.0006,-0.0046,-0.0242,0.0419,-0.0248,0.0002,-0.0224,0.0008,0.044,-0.0521,-0.0423,-0.2017,-1.0448,0.4776,0.8542,-2.0022,0.0614,6.294,-1.2861,0.2034,-0.9345,-1.4348,0.4112,5.7682,-3.0753,-0.1215,-0.9915,-1.3704,2.3338,-0.4139,0.8278,0.0751,0.12,0.006,0.0507,0.1575,0.881,-0.0302,0.0147,-0.6718,0.049,-1.0,-1.0,-1.0,-1.0,-1.0,-1.0,-1.0,-1.0,-1.0,-1.0,-1.0,-1.0,-1.0,-1.0,-1.0,-1.0,-1.0,-1.0,-1.0,-1.0,-1.0,-1.0,-1.0,-1.0,-1.0,-1.0,-1.0,-1.0,-1.0,-1.0,-1.0,-1.0,-1.0,-1.0,-1.0,-1.0,-1.0,-1.0,-1.0,-1.0,-1.0,-1.0,-1.0,-1.0,-1.0,-1.0,-1.0,-1.0,-1.0,-1.0,-1.0,-1.0,-1.0,-1.0,-1.0,-1.0,-1.0,-1.0,-1.0,-1.0,-1.0,-1.0,-1.0,-1.037232477759258,-0.7299511184880596,-4.867380809543824
30,0.06,0.5273332603404033,0.3662637662624002,2.669043642839721,-1.037232477759258,-0.7299511184880596,-5.455980809543824,0.05136623916533847,0.1944,-0.0007,1.0269,0.9994,-0.0003,-0.0263,-0.0237,-0.0208,0.0593,-0.0108,0.0527,-0.0426,0.0102,0.0575,0.0334,0.0037,0.0642,-0.0461,-0.0037,0.0386,-0.0757,0.0668,0.0006,0.0002,-0.0003,-0.0173,0.0006,-0.0049,-0.0234,0.0436,-0.0251,0.0002,-0.0239,0.0009,0.0391,-0.0542,-0.055,-0.2102,-1.0532,1.1154,0.7947,-2.3517,0.0352,6.8383,-2.0185,0.1048,-1.4841,-1.4301,0.4358,5.8711,-3.1515,-0.2678,-2.1017,-1.2671,2.572,-0.5786,0.7069,0.1141,0.0655,-0.008,-0.1497,0.3851,0.8639,-0.1695,0.0158,-0.784,0.0624,-1.0,-1.0,-1.0,-1.0,-1.0,-1.0,-1.0,-1.0,-1.0,-1.0,-1.0,-1.0,-1.0,-1.0,-1.0,-1.0,-1.0,-1.0,-1.0,-1.0,-1.0,-1.0,-1.0,-1.0,-1.0,-1.0,-1.0,-1.0,-1.0,-1.0,-1.0,-1.0,-1.0,-1.0,-1.0,-1.0,-1.0,-1.0,-1.0,-1.0,-1.0,-1.0,-1.0,-1.0,-1.0,-1.0,-1.0,-1.0,-1.0,-1.0,-1.0,-1.0,-1.0,-1.0,-1.0,-1.0,-1.0,-1.0,-1.0,-1.0,-1.0,-1.0,-1.0,-1.037232477759258,-0.7299511184880596,-4.867380809543824
31,0.062,0.5252587953848847,0.3648038640254241,2.658112061220633,-1.037232477759258,-0.7299511184880596,-5.475600809543824,0.05136623916533847,0.1945,-0.0008,1.0267,0.9994,-0.0006,-0.0274,-0.0221,-0.0192,0.0543,-0.0108,0.0669,-0.0478,0.0104,0.0537,0.0306,0.0046,0.076,-0.0524,-0.0046,0.0325,-0.078,0.0724,-0.0009,0.0013,0.0,-0.0172,0.0006,-0.0055,-0.0222,0.0453,-0.0257,0.0003,-0.0257,0.0011,0.0382,-0.055,-0.0714,-0.2166,-1.0674,1.5984,0.8046,-2.5191,0.0097,7.1021,-2.5987,0.0779,-1.9073,-1.4185,0.4538,5.925,-3.1476,-0.4748,-3.0617,-1.1451,2.7791,-0.7174,0.537,0.1476,0.0173,-0.0201,-0.3128,0.6,0.8469,-0.3275,0.0169,-0.8822,0.0738,-1.0,-1.0,-1.0,-1.0,-1.0,-1.0,-1.0,-1.0,-1.0,-1.0,-1.0,-1.0,-1.0,-1.0,-1.0,-1.0,-1.0,-1.0,-1.0,-1.0,-1.0,-1.0,-1.0,-1.0,-1.0,-1.0,-1.0,-1.0,-1.0,-1.0,-1.0,-1.0,-1.0,-1.0,-1.0,-1.0,-1.0,-1.0,-1.0,-1.0,-1.0,-1.0,-1.0,-1.0,-1.0,-1.0,-1.0,-1.0,-1.0,-1.0,-1.0,-1.0,-1.0,-1.0,-1.0,-1.0,-1.0,-1.0,-1.0,-1.0,-1.0,-1.0,-1.0,-1.037232477759258,-0.7299511184880596,-4.867380809543824
32,0.064,0.5231843304293662,0.36334396178844797,2.6471412396015452,-1.037232477759258,-0.7299511184880596,-5.495220809543824,0.05136623916533847,0.1946,-0.0009,1.0266,0.9994,-0.0009,-0.0284,-0.0202,-0.0174,0.0493,-0.0108,0.0813,-0.0542,0.0106,0.0491,0.0277,0.0055,0.0879,-0.0579,-0.0058,0.0247,-0.08,0.0783,-0.0025,0.002,0.0003,-0.0173,0.0005,-0.0064,-0.0206,0.047,-0.0268,0.0003,-0.0276,0.0013,0.0416,-0.0539,-0.0907,-0.2086,-1.0894,1.9294,0.8944,-2.5018,-0.0133,7.1563,-3.2074,0.1095,-2.2509,-1.4383,0.4346,5.9289,-2.7609,-0.6096,-3.8784,-1.0023,2.9622,-0.8345,0.3409,0.1765,-0.0248,-0.0305,-0.4514,0.8066,0.8278,-0.5014,0.0178,-0.9685,0.0837,-1.0,-1.0,-1.0,-1.0,-1.0,-1.0,-1.0,-1.0,-1.0,-1.0,-1.0,-1.0,-1.0,-1.0,-1.0,-1.0,-1.0,-1.0,-1.0,-1.0,-1.0,-1.0,-1.0,-1.0,-1.0,-1.0,-1.0,-1.0,-1.0,-1.0,-1.0,-1.0,-1.0,-1.0,-1.0,-1.0,-1.0,-1.0,-1.0,-1.0,-1.0,-1.0,-1.0,-1.0,-1.0,-1.0,-1.0,-1.0,-1.0,-1.0,-1.0,-1.0,-1.0,-1.0,-1.0,-1.0,-1.0,-1.0,-1.0,-1.0,-1.0,-1.0,-1.0,-1.037232477759258,-0.7299511184880596,-4.867380809543824
33,0.066,0.5211098654738476,0.3618840595514718,2.636131177982458,-1.037232477759258,-0.7299511184880596,-5.5148408095438235,0.05136623916533847,0.1947,-0.001,1.0264,0.9994,-0.0012,-0.0295,-0.0178,-0.0159,0.0442,-0.0108,0.0953,-0.0613,0.0108,0.0439,0.0247,0.0064,0.1001,-0.0637,-0.0068,0.0152,-0.0818,0.0845,-0.0044,0.0021,0.0008,-0.0174,0.0004,-0.0075,-0.0187,0.049,-0.0281,0.0004,-0.0298,0.0014,0.0414,-0.0572,-0.1071,-0.2448,-1.0878,2.3868,0.7486,-2.5077,0.0301,7.0298,-3.5291,0.101,-2.6427,-1.4996,0.4744,6.132,-2.8972,-0.4655,-4.7769,-0.8765,3.073,-0.9386,0.0778,0.2084,-0.0551,-0.0431,-0.5063,0.9545,1.0261,-0.6904,0.0159,-1.0519,0.0982,-1.0,-1.0,-1.0,-1.0,-1.0,-1.0,-1.0,-1.0,-1.0,-1.0,-1.0,-1.0,-1.0,-1.0,-1.0,-1.0,-1.0,-1.0,-1.0,-1.0,-1.0,-1.0,-1.0,-1.0,-1.0,-1.0,-1.0,-1.0,-1.0,-1.0,-1.0,-1.0,-1.0,-1.0,-1.0,-1.0,-1.0,-1.0,-1.0,-1.0,-1.0,-1.0,-1.0,-1.0,-1.0,-1.0,-1.0,-1.0,-1.0,-1.0,-1.0,-1.0,-1.0,-1.0,-1.0,-1.0,-1.0,-1.0,-1.0,-1.0,-1.0,-1.0,-1.0,-1.037232477759258,-0.7299511184880596,-4.867380809543824
34,0.068,0.5190354005183292,0.3604241573144957,2.62508187636337,-1.037232477759258,-0.7299511184880596,-5.534460809543824,0.05136623916533847,0.1948,-0.0011,1.0261,0.9994,-0.0016,-0.0306,-0.0151,-0.0147,0.0394,-0.0106,0.1089,-0.0688,0.0111,0.038,0.0217,0.0074,0.1127,-0.0698,-0.0076,0.004,-0.0833,0.0908,-0.0065,0.0018,0.0012,-0.0176,0.0003,-0.0085,-0.0165,0.0514,-0.0299,0.0004,-0.032,0.0017,0.0428,-0.059,-0.1245,-0.2743,-1.0874,2.7827,0.6095,-2.4277,0.0641,6.7683,-3.782,0.1719,-2.911,-1.5341,0.4969,6.2854,-3.0573,-0.3898,-5.6087,-0.7476,3.1713,-1.0337,-0.1797,0.2381,-0.0872,-0.0549,-0.5359,1.1021,1.1928,-0.8897,0.0143,-1.1326,0.1113,-1.0,-1.0,-1.0,-1.0,-1.0,-1.0,-1.0,-1.0,-1.0,-1.0,-1.0,-1.0,-1.0,-1.0,-1.0,-1.0,-1.0,-1.0,-1.0,-1.0,-1.0,-1.0,-1.0,-1.0,-1.0,-1.0,-1.0,-1.0,-1.0,-1.0,-1.0,-1.0,-1.0,-1.0,-1.0,-1.0,-1.0,-1.0,-1.0,-1.0,-1.0,-1.0,-1.0,-1.0,-1.0,-1.0,-1.0,-1.0,-1.0,-1.0,-1.0,-1.0,-1.0,-1.0,-1.0,-1.0,-1.0,-1.0,-1.0,-1.0,-1.0,-1.0,-1.0,-1.037232477759258,-0.7299511184880596,-4.867380809543824
35,0.07,0.5169609355628106,0.35896425507751956,2.6139933347442827,-1.037232477759258,-0.7299511184880596,-5.554080809543824,0.05136623916533847,0.1949,-0.0013,1.0258,0.9994,-0.002,-0.0317,-0.0119,-0.0137,0.0349,-0.0105,0.1216,-0.0768,0.0117,0.0319,0.0186,0.0084,0.1255,-0.0762,-0.0082,-0.0088,-0.0845,0.0973,-0.0087,0.0009,0.0018,-0.0178,0.0002,-0.0096,-0.014,0.0541,-0.0321,0.0004,-0.0344,0.0019,0.0457,-0.0592,-0.142,-0.2972,-1.0883,3.1233,0.4752,-2.2661,0.0939,6.3974,-3.9822,0.2532,-3.0684,-1.5498,0.5012,6.4007,-3.188,-0.3274,-6.3799,-0.6155,3.2572,-1.1201,-0.4303,0.2658,-0.1208,-0.066,-0.5392,1.2476,1.3321,-1.0978,0.0131,-1.2108,0.1234,-1.0,-1.0,-1.0,-1.0,-1.0,-1.0,-1.0,-1.0,-1.0,-1.0,-1.0,-1.0,-1.0,-1.0,-1.0,-1.0,-1.0,-1.0,-1.0,-1.0,-1.0,-1.0,-1.0,-1.0,-1.0,-1.0,-1.0,-1.0,-1.0,-1.0,-1.0,-1.0,-1.0,-1.0,-1.0,-1.0,-1.0,-1.0,-1.0,-1.0,-1.0,-1.0,-1.0,-1.0,-1.0,-1.0,-1.0,-1.0,-1.0,-1.0,-1.0,-1.0,-1.0,-1.0,-1.0,-1.0,-1.0,-1.0,-1.0,-1.0,-1.0,-1.0,-1.0,-1.037232477759258,-0.7299511184880596,-4.867380809543824
36,0.072,0.5148864706072921,0.35750435284054344,2.602865553125195,-1.037232477759258,-0.7299511184880596,-5.573700809543824,0.05136623916533847,0.195,-0.0014,1.0255,0.9994,-0.0025,-0.0327,-0.0085,-0.0131,0.0308,-0.0102,0.1335,-0.0851,0.0123,0.0257,0.0155,0.0094,0.1384,-0.0828,-0.0088,-0.023,-0.0855,0.104,-0.0111,-0.0005,0.0024,-0.0181,0.0,-0.0106,-0.0112,0.057,-0.0347,0.0004,-0.037,0.0022,0.0496,-0.0576,-0.1595,-0.3125,-1.0892,3.4128,0.3224,-2.0272,0.1156,5.9236,-4.1452,0.3438,-3.1229,-1.5509,0.4874,6.4737,-3.2986,-0.2758,-7.0956,-0.4799,3.3309,-1.1979,-0.6739,0.2919,-0.1554,-0.0764,-0.5207,1.3893,1.4479,-1.3133,0.0123,-1.2866,0.1344,-1.0,-1.0,-1.0,-1.0,-1.0,-1.0,-1.0,-1.0,-1.0,-1.0,-1.0,-1.0,-1.0,-1.0,-1.0,-1.0,-1.0,-1.0,-1.0,-1.0,-1.0,-1.0,-1.0,-1.0,-1.0,-1.0,-1.0,-1.0,-1.0,-1.0,-1.0,-1.0,-1.0,-1.0,-1.0,-1.0,-1.0,-1.0,-1.0,-1.0,-1.0,-1.0,-1.0,-1.0,-1.0,-1.0,-1.0,-1.0,-1.0,-1.0,-1.0,-1.0,-1.0,-1.0,-1.0,-1.0,-1.0,-1.0,-1.0,-1.0,-1.0,-1.0,-1.0,-1.037232477759258,-0.7299511184880596,-4.867380809543824
37,0.074,0.5128120056517737,0.3560444506035674,2.591698531506107,-1.037232477759258,-0.7299511184880596,-5.593320809543824,0.05136623916533847,0.1951,-0.0015,1.0251,0.9994,-0.0029,-0.0338,-0.0048,-0.0124,0.0268,-0.01,0.1449,-0.0937,0.0131,0.0193,0.0123,0.0104,0.1518,-0.0902,-0.0093,-0.0388,-0.0861,0.1108,-0.0136,-0.0023,0.003,-0.0185,-0.0002,-0.0118,-0.0082,0.0602,-0.0377,0.0004,-0.0397,0.0025,0.0504,-0.0564,-0.1811,-0.3221,-1.0935,3.7671,0.3317,-1.9768,0.1154,5.7228,-4.2919,0.386,-3.1711,-1.5837,0.4962,6.6787,-3.7238,-0.2775,-7.8897,-0.3452,3.4072,-1.2643,-0.9147,0.311,-0.1891,-0.0843,-0.5891,1.52,1.6149,-1.502,0.0075,-1.3407,0.1429,-1.0,-1.0,-1.0,-1.0,-1.0,-1.0,-1.0,-1.0,-1.0,-1.0,-1.0,-1.0,-1.0,-1.0,-1.0,-1.0,-1.0,-1.0,-1.0,-1.0,-1.0,-1.0,-1.0,-1.0,-1.0,-1.0,-1.0,-1.0,-1.0,-1.0,-1.0,-1.0,-1.0,-1.0,-1.0,-1.0,-1.0,-1.0,-1.0,-1.0,-1.0,-1.0,-1.0,-1.0,-1.0,-1.0,-1.0,-1.0,-1.0,-1.0,-1.0,-1.0,-1.0,-1.0,-1.0,-1.0,-1.0,-1.0,-1.0,-1.0,-1.0,-1.0,-1.0,-1.037232477759258,-0.7299511184880596,-4.867380809543824
38,0.076,0.5107375406962551,0.3545845483665912,2.5804922698870194,-1.037232477759258,-0.7299511184880596,-5.612940809543824,0.05136623916533847,0.1951,-0.0016,1.0248,0.9994,-0.0033,-0.0349,-0.0008,-0.0131,0.0231,-0.0097,0.1559,-0.102,0.0151,0.0132,0.009,0.0113,0.1655,-0.0985,-0.0099,-0.0559,-0.0865,0.1178,-0.0163,-0.0045,0.0036,-0.019,-0.0003,-0.0131,-0.0048,0.0637,-0.0411,0.0005,-0.0425,0.0028,0.0473,-0.0552,-0.1836,-0.2846,-1.0901,3.9779,-0.3274,-1.8817,0.131,5.5019,-4.1856,0.978,-3.0712,-1.6429,0.4426,6.8514,-4.1118,-0.285,-8.5578,-0.1796,3.496,-1.3238,-1.1062,0.3283,-0.2208,-0.0916,-0.6477,1.6785,1.7568,-1.6745,0.0028,-1.3923,0.1507,-1.0,-1.0,-1.0,-1.0,-1.0,-1.0,-1.0,-1.0,-1.0,-1.0,-1.0,-1.0,-1.0,-1.0,-1.0,-1.0,-1.0,-1.0,-1.0,-1.0,-1.0,-1.0,-1.0,-1.0,-1.0,-1.0,-1.0,-1.0,-1.0,-1.0,-1.0,-1.0,-1.0,-1.0,-1.0,-1.0,-1.0,-1.0,-1.0,-1.0,-1.0,-1.0,-1.0,-1.0,-1.0,-1.0,-1.0,-1.0,-1.0,-1.0,-1.0,-1.0,-1.0,-1.0,-1.0,-1.0,-1.0,-1.0,-1.0,-1.0,-1.0,-1.0,-1.0,-1.037232477759258,-0.7299511184880596,-4.867380809543824
39,0.078,0.5086630757407365,0.3531246461296151,2.569246768267932,-1.037232477759258,-0.7299511184880596,-5.632560809543824,0.05136623916533847,0.1952,-0.0017,1.0244,0.9993,-0.0037,-0.036,0.0033,-0.0149,0.0196,-0.0095,0.1665,-0.1101,0.0182,0.0074,0.0057,0.012,0.1795,-0.1072,-0.0105,-0.0742,-0.0865,0.1249,-0.019,-0.0071,0.0043,-0.0195,-0.0005,-0.0145,-0.0012,0.0675,-0.0448,0.0004,-0.0454,0.0031,0.0464,-0.0523,-0.1853,-0.239,-1.0988,4.158,-0.9188,-1.7575,0.1256,5.2578,-4.0448,1.5428,-2.9109,-1.6701,0.3757,6.9726,-4.3877,-0.298,-9.1872,-0.0121,3.5741,-1.3782,-1.2845,0.3442,-0.2518,-0.0985,-0.6769,1.8344,1.8752,-1.8514,-0.0017,-1.4425,0.1578,-1.0,-1.0,-1.0,-1.0,-1.0,-1.0,-1.0,-1.0,-1.0,-1.0,-1.0,-1.0,-1.0,-1.0,-1.0,-1.0,-1.0,-1.0,-1.0,-1.0,-1.0,-1.0,-1.0,-1.0,-1.0,-1.0,-1.0,-1.0,-1.0,-1.0,-1.0,-1.0,-1.0,-1.0,-1.0,-1.0,-1.0,-1.0,-1.0,-1.0,-1.0,-1.0,-1.0,-1.0,-1.0,-1.0,-1.0,-1.0,-1.0,-1.0,-1.0,-1.0,-1.0,-1.0,-1.0,-1.0,-1.0,-1.0,-1.0,-1.0,-1.0,-1.0,-1.0,-1.037232477759258,-0.7299511184880596,-4.867380809543824
40,0.08,0.5065886107852181,0.35166474389263896,2.5579620266488443,-1.037232477759258,-0.7299511184880596,-5.6521808095438235,0.05136623916533847,0.1953,-0.0018,1.024,0.9993,-0.004,-0.0371,0.0076,-0.0179,0.0164,-0.0093,0.1765,-0.1179,0.022,0.002,0.0023,0.0126,0.1935,-0.1158,-0.0111,-0.0938,-0.0862,0.1322,-0.0219,-0.01,0.005,-0.02,-0.0007,-0.0158,0.0028,0.0714,-0.0489,0.0004,-0.0483,0.0034,0.0472,-0.0468,-0.1847,-0.1814,-1.1163,4.2986,-1.5055,-1.6037,0.0793,5.0042,-3.9023,1.9398,-2.6911,-1.6753,0.2883,7.0383,-4.2647,-0.3162,-9.7706,0.1591,3.6408,-1.4281,-1.4472,0.3587,-0.282,-0.1052,-0.6739,1.987,1.9719,-2.0337,-0.0062,-1.4918,0.1645,-1.0,-1.0,-1.0,-1.0,-1.0,-1.0,-1.0,-1.0,-1.0,-1.0,-1.0,-1.0,-1.0,-1.0,-1.0,-1.0,-1.0,-1.0,-1.0,-1.0,-1.0,-1.0,-1.0,-1.0,-1.0,-1.0,-1.0,-1.0,-1.0,-1.0,-1.0,-1.0,-1.0,-1.0,-1.0,-1.0,-1.0,-1.0,-1.0,-1.0,-1.0,-1.0,-1.0,-1.0,-1.0,-1.0,-1.0,-1.0,-1.0,-1.0,-1.0,-1.0,-1.0,-1.0,-1.0,-1.0,-1.0,-1.0,-1.0,-1.0,-1.0,-1.0,-1.0,-1.037232477759258,-0.7299511184880596,-4.867380809543824
41,0.082,0.5045141458296996,0.35020484165566285,2.5466380450297565,-1.037232477759258,-0.7299511184880596,-5.671800809543824,0.05136623916533847,0.1954,-0.0019,1.0237,0.9992,-0.0043,-0.0382,0.0121,-0.0219,0.0132,-0.0093,0.1865,-0.1256,0.0263,-0.0031,-0.0009,0.013,0.2078,-0.124,-0.0117,-0.1145,-0.0856,0.1396,-0.0249,-0.0131,0.0058,-0.0206,-0.001,-0.0172,0.007,0.0755,-0.0533,0.0004,-0.0514,0.0038,0.0488,-0.041,-0.1842,-0.1276,-1.1515,4.4658,-1.981,-1.5707,0.0323,5.0172,-3.8424,2.1433,-2.5116,-1.6235,0.2074,7.1177,-4.1133,-0.3162,-10.3392,0.3031,3.6896,-1.4808,-1.5906,0.3693,-0.3073,-0.1097,-0.6718,2.1176,2.0632,-2.2052,-0.0119,-1.5334,0.1706,-1.0,-1.0,-1.0,-1.0,-1.0,-1.0,-1.0,-1.0,-1.0,-1.0,-1.0,-1.0,-1.0,-1.0,-1.0,-1.0,-1.0,-1.0,-1.0,-1.0,-1.0,-1.0,-1.0,-1.0,-1.0,-1.0,-1.0,-1.0,-1.0,-1.0,-1.0,-1.0,-1.0,-1.0,-1.0,-1.0,-1.0,-1.0,-1.0,-1.0,-1.0,-1.0,-1.0,-1.0,-1.0,-1.0,-1.0,-1.0,-1.0,-1.0,-1.0,-1.0,-1.0,-1.0,-1.0,-1.0,-1.0,-1.0,-1.0,-1.0,-1.0,-1.0,-1.0,-1.037232477759258,-0.7299511184880596,-4.867380809543824
42,0.084,0.502439680874181,0.34874493941868673,2.535274823410669,-1.037232477759258,-0.7299511184880596,-5.691420809543824,0.05136623916533847,0.1955,-0.0019,1.0233,0.9991,-0.0046,-0.0394,0.0168,-0.0257,0.0099,-0.009,0.1968,-0.1319,0.0306,-0.0077,-0.0039,0.0133,0.2221,-0.1318,-0.0124,-0.1363,-0.0848,0.147,-0.0279,-0.0166,0.0065,-0.0213,-0.0012,-0.0184,0.0115,0.0798,-0.058,0.0004,-0.0546,0.0041,0.0569,-0.0377,-0.1907,-0.0931,-1.2144,4.684,-1.8989,-1.6438,0.1338,5.1689,-3.1264,2.1582,-2.348,-1.4904,0.1562,7.1563,-3.9192,-0.319,-10.911,0.4174,3.7209,-1.5357,-1.7296,0.3787,-0.3312,-0.1138,-0.6301,2.233,2.1313,-2.3854,-0.0173,-1.5727,0.1758,-1.0,-1.0,-1.0,-1.0,-1.0,-1.0,-1.0,-1.0,-1.0,-1.0,-1.0,-1.0,-1.0,-1.0,-1.0,-1.0,-1.0,-1.0,-1.0,-1.0,-1.0,-1.0,-1.0,-1.0,-1.0,-1.0,-1.0,-1.0,-1.0,-1.0,-1.0,-1.0,-1.0,-1.0,-1.0,-1.0,-1.0,-1.0,-1.0,-1.0,-1.0,-1.0,-1.0,-1.0,-1.0,-1.0,-1.0,-1.0,-1.0,-1.0,-1.0,-1.0,-1.0,-1.0,-1.0,-1.0,-1.0,-1.0,-1.0,-1.0,-1.0,-1.0,-1.0,-1.037232477759258,-0.7299511184880596,-4.867380809543824
43,0.086,0.5003652159186625,0.3472850371817106,2.5238723617915815,-1.037232477759258,-0.7299511184880596,-5.711040809543824,0.05136623916533847,0.1957,-0.002,1.0229,0.9989,-0.0048,-0.0407,0.0217,-0.0292,0.0065,-0.0085,0.2075,-0.1368,0.035,-0.0121,-0.0066,0.0135,0.2364,-0.1392,-0.013,-0.1592,-0.0837,0.1545,-0.0311,-0.0203,0.0073,-0.022,-0.0014,-0.0196,0.0162,0.0842,-0.0632,0.0003,-0.0578,0.0045,0.0654,-0.0336,-0.1991,-0.0615,-1.2774,4.8932,-1.7765,-1.7135,0.2235,5.3193,-2.4941,2.1949,-2.1535,-1.3373,0.1079,7.1638,-3.6817,-0.3265,-11.4463,0.5144,3.7375,-1.5897,-1.8635,0.3871,-0.3538,-0.1176,-0.5641,2.3363,2.1772,-2.5749,-0.0222,-1.6099,0.1804,-1.0,-1.0,-1.0,-1.0,-1.0,-1.0,-1.0,-1.0,-1.0,-1.0,-1.0,-1.0,-1.0,-1.0,-1.0,-1.0,-1.0,-1.0,-1.0,-1.0,-1.0,-1.0,-1.0,-1.0,-1.0,-1.0,-1.0,-1.0,-1.0,-1.0,-1.0,-1.0,-1.0,-1.0,-1.0,-1.0,-1.0,-1.0,-1.0,-1.0,-1.0,-1.0,-1.0,-1.0,-1.0,-1.0,-1.0,-1.0,-1.0,-1.0,-1.0,-1.0,-1.0,-1.0,-1.0,-1.0,-1.0,-1.0,-1.0,-1.0,-1.0,-1.0,-1.0,-1.037232477759258,-0.7299511184880596,-4.867380809543824
44,0.088,0.498290750963144,0.3458251349447345,2.5124306601724937,-1.037232477759258,-0.7299511184880596,-5.730660809543824,0.05136623916533847,0.1958,-0.0021,1.0225,0.9987,-0.005,-0.042,0.0268,-0.0325,0.0029,-0.0079,0.2184,-0.1407,0.0395,-0.0159,-0.0089,0.0137,0.2507,-0.146,-0.0137,-0.1831,-0.0825,0.162,-0.0344,-0.0243,0.0081,-0.0228,-0.0017,-0.0205,0.021,0.0886,-0.0687,0.0003,-0.0611,0.0048,0.074,-0.029,-0.2092,-0.0324,-1.338,5.0978,-1.6261,-1.7827,0.304,5.466,-1.932,2.25,-1.9337,-1.1672,0.0628,7.1379,-3.4032,-0.3399,-11.9531,0.5961,3.7407,-1.6422,-1.9939,0.3946,-0.3749,-0.121,-0.4752,2.4285,2.2017,-2.7739,-0.0268,-1.6454,0.1843,-1.0,-1.0,-1.0,-1.0,-1.0,-1.0,-1.0,-1.0,-1.0,-1.0,-1.0,-1.0,-1.0,-1.0,-1.0,-1.0,-1.0,-1.0,-1.0,-1.0,-1.0,-1.0,-1.0,-1.0,-1.0,-1.0,-1.0,-1.0,-1.0,-1.0,-1.0,-1.0,-1.0,-1.0,-1.0,-1.0,-1.0,-1.0,-1.0,-1.0,-1.0,-1.0,-1.0,-1.0,-1.0,-1.0,-1.0,-1.0,-1.0,-1.0,-1.0,-1.0,-1.0,-1.0,-1.0,-1.0,-1.0,-1.0,-1.0,-1.0,-1.0,-1.0,-1.0,-1.037232477759258,-0.7299511184880596,-4.867380809543824
45,0.09,0.49621628600762546,0.3443652327077584,2.500949718553406,-1.037232477759258,-0.7299511184880596,-5.750280809543824,0.05136623916533847,0.196,-0.0021,1.022,0.9985,-0.0053,-0.0434,0.032,-0.0352,-0.0008,-0.0071,0.2297,-0.1436,0.0442,-0.0193,-0.011,0.0138,0.2652,-0.1524,-0.0144,-0.2079,-0.0812,0.1695,-0.0378,-0.0286,0.0089,-0.0235,-0.0019,-0.0213,0.026,0.0931,-0.0747,0.0002,-0.0644,0.0052,0.0837,-0.028,-0.2206,-0.0349,-1.4106,5.2721,-1.3778,-1.847,0.4349,5.6384,-1.4232,2.3197,-1.7122,-1.0303,0.0652,7.2426,-3.1868,-0.348,-12.4085,0.6565,3.7301,-1.6888,-2.1213,0.399,-0.3874,-0.1224,-0.3839,2.4777,2.2865,-2.9592,-0.031,-1.6708,0.1875,-1.0,-1.0,-1.0,-1.0,-1.0,-1.0,-1.0,-1.0,-1.0,-1.0,-1.0,-1.0,-1.0,-1.0,-1.0,-1.0,-1.0,-1.0,-1.0,-1.0,-1.0,-1.0,-1.0,-1.0,-1.0,-1.0,-1.0,-1.0,-1.0,-1.0,-1.0,-1.0,-1.0,-1.0,-1.0,-1.0,-1.0,-1.0,-1.0,-1.0,-1.0,-1.0,-1.0,-1.0,-1.0,-1.0,-1.0,-1.0,-1.0,-1.0,-1.0,-1.0,-1.0,-1.0,-1.0,-1.0,-1.0,-1.0,-1.0,-1.0,-1.0,-1.0,-1.0,-1.037232477759258,-0.7299511184880596,-4.867380809543824
46,0.092,0.49414182105210697,0.34290533047078225,2.4894295369343182,-1.037232477759258,-0.7299511184880596,-5.769900809543824,0.05136623916533847,0.1962,-0.0022,1.0216,0.9983,-0.0054,-0.0448,0.0373,-0.0387,-0.0044,-0.0064,0.2413,-0.1472,0.0473,-0.0222,-0.0129,0.0138,0.2799,-0.1583,-0.0151,-0.2334,-0.0798,0.1769,-0.0412,-0.033,0.0097,-0.0243,-0.0022,-0.0218,0.031,0.0978,-0.0809,0.0001,-0.0678,0.0056,0.0869,-0.0184,-0.2178,0.0089,-1.4627,5.3146,-1.7406,-1.8131,0.3287,5.8199,-1.8128,1.5814,-1.4088,-0.9675,-0.0061,7.3899,-2.9517,-0.3546,-12.7295,0.725,3.705,-1.7355,-2.2026,0.4026,-0.3984,-0.1233,-0.2857,2.5177,2.3576,-3.1428,-0.035,-1.694,0.1902,-1.0,-1.0,-1.0,-1.0,-1.0,-1.0,-1.0,-1.0,-1.0,-1.0,-1.0,-1.0,-1.0,-1.0,-1.0,-1.0,-1.0,-1.0,-1.0,-1.0,-1.0,-1.0,-1.0,-1.0,-1.0,-1.0,-1.0,-1.0,-1.0,-1.0,-1.0,-1.0,-1.0,-1.0,-1.0,-1.0,-1.0,-1.0,-1.0,-1.0,-1.0,-1.0,-1.0,-1.0,-1.0,-1.0,-1.0,-1.0,-1.0,-1.0,-1.0,-1.0,-1.0,-1.0,-1.0,-1.0,-1.0,-1.0,-1.0,-1.0,-1.0,-1.0,-1.0,-1.037232477759258,-0.7299511184880596,-4.867380809543824
47,0.094,0.49206735609658847,0.34144542823380614,2.4778701153152305,-1.037232477759258,-0.7299511184880596,-5.7895208095438235,0.05136623916533847,0.1963,-0.0022,1.0212,0.998,-0.0056,-0.0463,0.0427,-0.0429,-0.008,-0.0059,0.2533,-0.1514,0.0499,-0.0244,-0.0147,0.0137,0.295,-0.1637,-0.0158,-0.2594,-0.0782,0.1842,-0.0448,-0.0375,0.0105,-0.0251,-0.0024,-0.0222,0.0361,0.1027,-0.0876,0.0001,-0.0712,0.006,0.0902,-0.01,-0.2154,0.0467,-1.5163,5.3305,-2.0685,-1.8036,0.2362,6.0017,-2.0933,1.2614,-1.0969,-0.9098,-0.0669,7.5522,-2.7025,-0.3598,-12.9991,0.7742,3.6702,-1.7813,-2.2689,0.4053,-0.4087,-0.1238,-0.1664,2.5449,2.4165,-3.331,-0.0387,-1.7154,0.1926,-1.0,-1.0,-1.0,-1.0,-1.0,-1.0,-1.0,-1.0,-1.0,-1.0,-1.0,-1.0,-1.0,-1.0,-1.0,-1.0,-1.0,-1.0,-1.0,-1.0,-1.0,-1.0,-1.0,-1.0,-1.0,-1.0,-1.0,-1.0,-1.0,-1.0,-1.0,-1.0,-1.0,-1.0,-1.0,-1.0,-1.0,-1.0,-1.0,-1.0,-1.0,-1.0,-1.0,-1.0,-1.0,-1.0,-1.0,-1.0,-1.0,-1.0,-1.0,-1.0,-1.0,-1.0,-1.0,-1.0,-1.0,-1.0,-1.0,-1.0,-1.0,-1.0,-1.0,-1.037232477759258,-0.7299511184880596,-4.867380809543824
48,0.096,0.4899928911410699,0.33998552599683,2.4662714536961428,-1.037232477759258,-0.7299511184880596,-5.809140809543824,0.05136623916533847,0.1965,-0.0022,1.0207,0.9977,-0.0057,-0.0478,0.048,-0.0474,-0.0116,-0.0056,0.2658,-0.1561,0.0517,-0.0259,-0.0164,0.0134,0.3105,-0.1686,-0.0166,-0.2858,-0.0766,0.1915,-0.0485,-0.0421,0.0113,-0.026,-0.0027,-0.0222,0.0412,0.1076,-0.0946,0.0,-0.0747,0.0064,0.0945,-0.002,-0.2148,0.0773,-1.5738,5.338,-2.2623,-1.8098,0.1645,6.2232,-2.351,0.9465,-0.7935,-0.8506,-0.1163,7.731,-2.4409,-0.3633,-13.2384,0.8056,3.6247,-1.826,-2.3233,0.4074,-0.4184,-0.124,-0.0305,2.5569,2.4631,-3.524,-0.0421,-1.735,0.1946,-1.0,-1.0,-1.0,-1.0,-1.0,-1.0,-1.0,-1.0,-1.0,-1.0,-1.0,-1.0,-1.0,-1.0,-1.0,-1.0,-1.0,-1.0,-1.0,-1.0,-1.0,-1.0,-1.0,-1.0,-1.0,-1.0,-1.0,-1.0,-1.0,-1.0,-1.0,-1.0,-1.0,-1.0,-1.0,-1.0,-1.0,-1.0,-1.0,-1.0,-1.0,-1.0,-1.0,-1.0,-1.0,-1.0,-1.0,-1.0,-1.0,-1.0,-1.0,-1.0,-1.0,-1.0,-1.0,-1.0,-1.0,-1.0,-1.0,-1.0,-1.0,-1.0,-1.0,-1.037232477759258,-0.7299511184880596,-4.867380809543824
49,0.098,0.4879184261855514,0.3385256237598539,2.4546335520770555,-1.037232477759258,-0.7299511184880596,-5.828760809543824,0.05136623916533847,0.1967,-0.0022,1.0203,0.9973,-0.0058,-0.0494,0.0533,-0.0522,-0.0151,-0.0054,0.2784,-0.1611,0.0531,-0.0269,-0.018,0.0131,0.3261,-0.173,-0.0173,-0.3127,-0.075,0.1986,-0.0522,-0.0468,0.0121,-0.0268,-0.0029,-0.022,0.0463,0.1126,-0.102,-0.0001,-0.0782,0.0068,0.0995,0.004,-0.2145,0.0911,-1.6254,5.3171,-2.4026,-1.759,0.1208,6.3088,-2.536,0.7014,-0.4895,-0.768,-0.138,7.8088,-2.2039,-0.354,-13.4129,0.804,3.5836,-1.8642,-2.3266,0.4066,-0.4236,-0.123,0.1189,2.5442,2.4814,-3.6559,-0.0453,-1.7453,0.1958,-1.0,-1.0,-1.0,-1.0,-1.0,-1.0,-1.0,-1.0,-1.0,-1.0,-1.0,-1.0,-1.0,-1.0,-1.0,-1.0,-1.0,-1.0,-1.0,-1.0,-1.0,-1.0,-1.0,-1.0,-1.0,-1.0,-1.0,-1.0,-1.0,-1.0,-1.0,-1.0,-1.0,-1.0,-1.0,-1.0,-1.0,-1.0,-1.0,-1.0,-1.0,-1.0,-1.0,-1.0,-1.0,-1.0,-1.0,-1.0,-1.0,-1.0,-1.0,-1.0,-1.0,-1.0,-1.0,-1.0,-1.0,-1.0,-1.0,-1.0,-1.0,-1.0,-1.0,-1.037232477759258,-0.7299511184880596,-4.867380809543824
50,0.1,0.48584396123003293,0.3370657215228778,2.442956410457968,-1.037232477759258,-0.7299511184880596,-5.848380809543824,0.05136623916533847,0.1969,-0.0022,1.0199,0.997,-0.0058,-0.051,0.0586,-0.057,-0.0185,-0.0051,0.2911,-0.1666,0.0537,-0.0273,-0.0193,0.0129,0.3419,-0.1769,-0.018,-0.3398,-0.0734,0.2057,-0.056,-0.0514,0.013,-0.0277,-0.0031,-0.0214,0.0513,0.1176,-0.1095,-0.0002,-0.0817,0.0072,0.1053,0.009,-0.2166,0.0926,-1.6729,5.2929,-2.4083,-1.6788,0.1149,6.3461,-2.7227,0.2833,-0.2001,-0.6889,-0.1401,7.8843,-1.9642,-0.3419,-13.5654,0.7853,3.5367,-1.8975,-2.3229,0.4051,-0.4276,-0.1218,0.2749,2.5108,2.4933,-3.7626,-0.0482,-1.7537,0.1966,-1.0,-1.0,-1.0,-1.0,-1.0,-1.0,-1.0,-1.0,-1.0,-1.0,-1.0,-1.0,-1.0,-1.0,-1.0,-1.0,-1.0,-1.0,-1.0,-1.0,-1.0,-1.0,-1.0,-1.0,-1.0,-1.0,-1.0,-1.0,-1.0,-1.0,-1.0,-1.0,-1.0,-1.0,-1.0,-1.0,-1.0,-1.0,-1.0,-1.0,-1.0,-1.0,-1.0,-1.0,-1.0,-1.0,-1.0,-1.0,-1.0,-1.0,-1.0,-1.0,-1.0,-1.0,-1.0,-1.0,-1.0,-1.0,-1.0,-1.0,-1.0,-1.0,-1.0,-1.037232477759258,-0.7299511184880596,-4.867380809543824
51,0.102,0.4837694962745144,0.33560581928590166,2.4312400288388805,-1.037232477759258,-0.7299511184880596,-5.868000809543824,0.05136623916533847,0.1972,-0.0021,1.0194,0.9965,-0.0059,-0.0527,0.0639,-0.0618,-0.0216,-0.0049,0.3037,-0.1723,0.0535,-0.0272,-0.0206,0.0126,0.3578,-0.1804,-0.0186,-0.3672,-0.0719,0.2127,-0.0598,-0.0561,0.0138,-0.0285,-0.0034,-0.0206,0.0563,0.1226,-0.1172,-0.0003,-0.0852,0.0075,0.1106,0.0134,-0.219,0.0876,-1.7098,5.2544,-2.3934,-1.5752,0.1212,6.2948,-2.8315,-0.1126,0.0847,-0.6254,-0.1302,7.9575,-1.7217,-0.3272,-13.6892,0.7547,3.4878,-1.9309,-2.3151,0.4031,-0.4302,-0.1203,0.4354,2.4589,2.5004,-3.8446,-0.0507,-1.7602,0.1972,-1.0,-1.0,-1.0,-1.0,-1.0,-1.0,-1.0,-1.0,-1.0,-1.0,-1.0,-1.0,-1.0,-1.0,-1.0,-1.0,-1.0,-1.0,-1.0,-1.0,-1.0,-1.0,-1.0,-1.0,-1.0,-1.0,-1.0,-1.0,-1.0,-1.0,-1.0,-1.0,-1.0,-1.0,-1.0,-1.0,-1.0,-1.0,-1.0,-1.0,-1.0,-1.0,-1.0,-1.0,-1.0,-1.0,-1.0,-1.0,-1.0,-1.0,-1.0,-1.0,-1.0,-1.0,-1.0,-1.0,-1.0,-1.0,-1.0,-1.0,-1.0,-1.0,-1.0,-1.037232477759258,-0.7299511184880596,-4.867380809543824
52,0.104,0.4816950313189959,0.33414591704892554,2.4194844072197927,-1.037232477759258,-0.7299511184880596,-5.887620809543824,0.05136623916533847,0.1974,-0.0021,1.019,0.9961,-0.006,-0.0544,0.0692,-0.0653,-0.0245,-0.0046,0.3157,-0.1782,0.0528,-0.0268,-0.0217,0.0124,0.3735,-0.1842,-0.0192,-0.3949,-0.0706,0.2195,-0.0638,-0.0607,0.0146,-0.0294,-0.0036,-0.0194,0.061,0.1276,-0.125,-0.0004,-0.0887,0.0079,0.1204,0.0168,-0.2291,0.0348,-1.7499,5.282,-1.7335,-1.4274,0.1353,5.9939,-2.9682,-0.3328,0.1984,-0.5579,-0.1035,7.8375,-1.9386,-0.3012,-13.8507,0.6913,3.423,-1.9706,-2.3219,0.4008,-0.4315,-0.1188,0.6064,2.3651,2.5031,-3.9021,-0.0527,-1.7642,0.1975,-1.0,-1.0,-1.0,-1.0,-1.0,-1.0,-1.0,-1.0,-1.0,-1.0,-1.0,-1.0,-1.0,-1.0,-1.0,-1.0,-1.0,-1.0,-1.0,-1.0,-1.0,-1.0,-1.0,-1.0,-1.0,-1.0,-1.0,-1.0,-1.0,-1.0,-1.0,-1.0,-1.0,-1.0,-1.0,-1.0,-1.0,-1.0,-1.0,-1.0,-1.0,-1.0,-1.0,-1.0,-1.0,-1.0,-1.0,-1.0,-1.0,-1.0,-1.0,-1.0,-1.0,-1.0,-1.0,-1.0,-1.0,-1.0,-1.0,-1.0,-1.0,-1.0,-1.0,-1.037232477759258,-0.7299511184880596,-4.867380809543824
53,0.106,0.4796205663634774,0.3326860148119494,2.407689545600705,-1.037232477759258,-0.7299511184880596,-5.907240809543824,0.05136623916533847,0.1977,-0.0021,1.0185,0.9956,-0.0062,-0.0562,0.0744,-0.0672,-0.0275,-0.0043,0.3284,-0.1846,0.0518,-0.0261,-0.0226,0.0123,0.3888,-0.1883,-0.0198,-0.4227,-0.0694,0.2262,-0.0676,-0.0652,0.0154,-0.0303,-0.0039,-0.0178,0.0656,0.1324,-0.1328,-0.0005,-0.0923,0.0083,0.1311,0.0191,-0.2424,-0.0283,-1.8213,5.2736,-0.9709,-1.5066,0.1772,6.373,-3.2228,-0.5355,0.3239,-0.429,-0.0595,7.6583,-2.0439,-0.2708,-13.9026,0.5593,3.3246,-1.9222,-2.2434,0.3955,-0.4275,-0.1146,0.7946,2.2855,2.3998,-3.9303,-0.0597,-1.7574,0.1979,-1.0,-1.0,-1.0,-1.0,-1.0,-1.0,-1.0,-1.0,-1.0,-1.0,-1.0,-1.0,-1.0,-1.0,-1.0,-1.0,-1.0,-1.0,-1.0,-1.0,-1.0,-1.0,-1.0,-1.0,-1.0,-1.0,-1.0,-1.0,-1.0,-1.0,-1.0,-1.0,-1.0,-1.0,-1.0,-1.0,-1.0,-1.0,-1.0,-1.0,-1.0,-1.0,-1.0,-1.0,-1.0,-1.0,-1.0,-1.0,-1.0,-1.0,-1.0,-1.0,-1.0,-1.0,-1.0,-1.0,-1.0,-1.0,-1.0,-1.0,-1.0,-1.0,-1.0,-1.037232477759258,-0.7299511184880596,-4.867380809543824
54,0.108,0.47754610140795883,0.3312261125749733,2.3958554439816173,-1.037232477759258,-0.7299511184880596,-5.9268608095438235,0.05136623916533847,0.198,-0.002,1.018,0.9951,-0.0065,-0.0581,0.0797,-0.0677,-0.0306,-0.0038,0.3419,-0.1915,0.0503,-0.0252,-0.0232,0.0123,0.4038,-0.1925,-0.0202,-0.4505,-0.0686,0.2326,-0.0714,-0.0695,0.0161,-0.0311,-0.0041,-0.0158,0.07,0.1369,-0.1407,-0.0007,-0.0958,0.0087,0.142,0.0207,-0.2561,-0.0943,-1.8921,5.2518,-0.2268,-1.5715,0.2351,6.7234,-3.4567,-0.7169,0.4552,-0.3088,-0.0028,7.5008,-2.0736,-0.2364,-13.9289,0.4168,3.216,-1.8676,-2.1533,0.3897,-0.4232,-0.1102,0.9835,2.2051,2.2903,-3.9391,-0.0669,-1.744,0.1984,-1.0,-1.0,-1.0,-1.0,-1.0,-1.0,-1.0,-1.0,-1.0,-1.0,-1.0,-1.0,-1.0,-1.0,-1.0,-1.0,-1.0,-1.0,-1.0,-1.0,-1.0,-1.0,-1.0,-1.0,-1.0,-1.0,-1.0,-1.0,-1.0,-1.0,-1.0,-1.0,-1.0,-1.0,-1.0,-1.0,-1.0,-1.0,-1.0,-1.0,-1.0,-1.0,-1.0,-1.0,-1.0,-1.0,-1.0,-1.0,-1.0,-1.0,-1.0,-1.0,-1.0,-1.0,-1.0,-1.0,-1.0,-1.0,-1.0,-1.0,-1.0,-1.0,-1.0,-1.037232477759258,-0.7299511184880596,-4.867380809543824
55,0.11,0.47547163645244034,0.3297662103379972,2.3839821023625296,-1.037232477759258,-0.7299511184880596,-5.946480809543824,0.05136623916533847,0.1983,-0.002,1.0174,0.9946,-0.0068,-0.06,0.0848,-0.0667,-0.0339,-0.0032,0.3559,-0.1989,0.0486,-0.024,-0.0236,0.0124,0.4185,-0.1966,-0.0206,-0.4784,-0.0681,0.2388,-0.075,-0.0736,0.0169,-0.0319,-0.0043,-0.0135,0.0742,0.1413,-0.1486,-0.0008,-0.0992,0.0091,0.1533,0.0219,-0.2699,-0.1626,-1.9633,5.2147,0.502,-1.6186,0.3075,7.0416,-3.6705,-0.8782,0.5916,-0.1954,0.066,7.3641,-2.0428,-0.1965,-13.9281,0.2648,3.0937,-1.8082,-2.0526,0.3832,-0.4186,-0.1056,1.1731,2.1263,2.1764,-3.9288,-0.0744,-1.7274,0.199,-1.0,-1.0,-1.0,-1.0,-1.0,-1.0,-1.0,-1.0,-1.0,-1.0,-1.0,-1.0,-1.0,-1.0,-1.0,-1.0,-1.0,-1.0,-1.0,-1.0,-1.0,-1.0,-1.0,-1.0,-1.0,-1.0,-1.0,-1.0,-1.0,-1.0,-1.0,-1.0,-1.0,-1.0,-1.0,-1.0,-1.0,-1.0,-1.0,-1.0,-1.0,-1.0,-1.0,-1.0,-1.0,-1.0,-1.0,-1.0,-1.0,-1.0,-1.0,-1.0,-1.0,-1.0,-1.0,-1.0,-1.0,-1.0,-1.0,-1.0,-1.0,-1.0,-1.0,-1.037232477759258,-0.7299511184880596,-4.867380809543824
56,0.112,0.4733971714969218,0.32830630810102107,2.372069520743442,-1.037232477759258,-0.7299511184880596,-5.966100809543824,0.05136623916533847,0.1986,-0.0019,1.0169,0.994,-0.0072,-0.062,0.09,-0.0642,-0.0372,-0.0024,0.3706,-0.2066,0.0465,-0.0225,-0.0238,0.0127,0.433,-0.2005,-0.0209,-0.5062,-0.0679,0.2447,-0.0785,-0.0775,0.0177,-0.0328,-0.0045,-0.0107,0.0783,0.1454,-0.1564,-0.001,-0.1026,0.0095,0.1653,0.0228,-0.2838,-0.2328,-2.0357,5.161,1.2193,-1.6458,0.3933,7.3257,-3.8643,-1.0202,0.7342,-0.0877,0.148,7.2494,-1.9725,-0.1472,-13.8997,0.1043,2.9547,-1.7453,-1.942,0.3763,-0.4137,-0.1009,1.364,2.0514,2.0599,-3.8996,-0.082,-1.7079,0.1998,-1.0,-1.0,-1.0,-1.0,-1.0,-1.0,-1.0,-1.0,-1.0,-1.0,-1.0,-1.0,-1.0,-1.0,-1.0,-1.0,-1.0,-1.0,-1.0,-1.0,-1.0,-1.0,-1.0,-1.0,-1.0,-1.0,-1.0,-1.0,-1.0,-1.0,-1.0,-1.0,-1.0,-1.0,-1.0,-1.0,-1.0,-1.0,-1.0,-1.0,-1.0,-1.0,-1.0,-1.0,-1.0,-1.0,-1.0,-1.0,-1.0,-1.0,-1.0,-1.0,-1.0,-1.0,-1.0,-1.0,-1.0,-1.0,-1.0,-1.0,-1.0,-1.0,-1.0,-1.037232477759258,-0.7299511184880596,-4.867380809543824
57,0.114,0.4713227065414033,0.32684640586404495,2.360117699124354,-1.037232477759258,-0.7299511184880596,-5.985720809543824,0.05136623916533847,0.1989,-0.0019,1.0163,0.9934,-0.0076,-0.064,0.095,-0.061,-0.0407,-0.0014,0.3859,-0.2147,0.0442,-0.0209,-0.0239,0.0132,0.4474,-0.2042,-0.0211,-0.5338,-0.0681,0.2504,-0.0817,-0.0811,0.0184,-0.0336,-0.0047,-0.0076,0.0821,0.1492,-0.1641,-0.0012,-0.106,0.0099,0.1697,0.0203,-0.2982,-0.3104,-2.0584,5.1026,1.6161,-1.7504,0.51,7.6546,-4.0573,-1.1427,0.8161,-0.0747,0.2495,7.177,-1.8538,-0.0822,-13.7794,-0.113,2.8472,-1.5996,-1.8075,0.3658,-0.4066,-0.093,1.5841,1.9123,1.888,-3.844,-0.0975,-1.6762,0.2022,-1.0,-1.0,-1.0,-1.0,-1.0,-1.0,-1.0,-1.0,-1.0,-1.0,-1.0,-1.0,-1.0,-1.0,-1.0,-1.0,-1.0,-1.0,-1.0,-1.0,-1.0,-1.0,-1.0,-1.0,-1.0,-1.0,-1.0,-1.0,-1.0,-1.0,-1.0,-1.0,-1.0,-1.0,-1.0,-1.0,-1.0,-1.0,-1.0,-1.0,-1.0,-1.0,-1.0,-1.0,-1.0,-1.0,-1.0,-1.0,-1.0,-1.0,-1.0,-1.0,-1.0,-1.0,-1.0,-1.0,-1.0,-1.0,-1.0,-1.0,-1.0,-1.0,-1.0,-1.037232477759258,-0.7299511184880596,-4.867380809543824
58,0.116,0.46924824158588474,0.32538650362706883,2.3481266375052665,-1.037232477759258,-0.7299511184880596,-6.005340809543824,0.05136623916533847,0.1993,-0.0019,1.0156,0.9928,-0.0081,-0.0661,0.1,-0.0571,-0.0444,-0.0001,0.4018,-0.2232,0.0418,-0.0191,-0.0241,0.0139,0.4616,-0.2076,-0.0211,-0.561,-0.0687,0.2559,-0.0845,-0.0845,0.0191,-0.0344,-0.0048,-0.004,0.0857,0.1526,-0.1716,-0.0014,-0.1093,0.0103,0.1738,0.0166,-0.3128,-0.3915,-2.0738,5.0386,1.9325,-1.853,0.6465,7.9723,-4.2195,-1.2409,0.9041,-0.0741,0.3633,7.1165,-1.7098,-0.0102,-13.6461,-0.3156,2.7433,-1.439,-1.6724,0.3546,-0.4,-0.0847,1.8035,1.7658,1.7076,-3.7779,-0.1142,-1.6424,0.205,-1.0,-1.0,-1.0,-1.0,-1.0,-1.0,-1.0,-1.0,-1.0,-1.0,-1.0,-1.0,-1.0,-1.0,-1.0,-1.0,-1.0,-1.0,-1.0,-1.0,-1.0,-1.0,-1.0,-1.0,-1.0,-1.0,-1.0,-1.0,-1.0,-1.0,-1.0,-1.0,-1.0,-1.0,-1.0,-1.0,-1.0,-1.0,-1.0,-1.0,-1.0,-1.0,-1.0,-1.0,-1.0,-1.0,-1.0,-1.0,-1.0,-1.0,-1.0,-1.0,-1.0,-1.0,-1.0,-1.0,-1.0,-1.0,-1.0,-1.0,-1.0,-1.0,-1.0,-1.037232477759258,-0.7299511184880596,-4.867380809543824
59,0.118,0.46717377663036624,0.3239266013900927,2.3360963358861793,-1.037232477759258,-0.7299511184880596,-6.024960809543824,0.05136623916533847,0.1996,-0.0018,1.015,0.9921,-0.0087,-0.0682,0.1049,-0.0528,-0.0482,0.0017,0.4188,-0.2308,0.0395,-0.0171,-0.0242,0.015,0.4758,-0.2107,-0.021,-0.588,-0.0697,0.2612,-0.0871,-0.0876,0.0198,-0.0352,-0.005,0.0001,0.0889,0.1556,-0.179,-0.0017,-0.1125,0.0108,0.1806,0.0082,-0.3333,-0.4972,-2.0887,4.959,2.18,-1.9118,0.9159,8.4778,-3.8073,-1.1101,0.999,-0.0778,0.5181,7.0691,-1.5584,0.0663,-13.4913,-0.5084,2.6453,-1.2642,-1.5461,0.3429,-0.3938,-0.076,2.0213,1.6132,1.5218,-3.705,-0.1317,-1.6078,0.2081,-1.0,-1.0,-1.0,-1.0,-1.0,-1.0,-1.0,-1.0,-1.0,-1.0,-1.0,-1.0,-1.0,-1.0,-1.0,-1.0,-1.0,-1.0,-1.0,-1.0,-1.0,-1.0,-1.0,-1.0,-1.0,-1.0,-1.0,-1.0,-1.0,-1.0,-1.0,-1.0,-1.0,-1.0,-1.0,-1.0,-1.0,-1.0,-1.0,-1.0,-1.0,-1.0,-1.0,-1.0,-1.0,-1.0,-1.0,-1.0,-1.0,-1.0,-1.0,-1.0,-1.0,-1.0,-1.0,-1.0,-1.0,-1.0,-1.0,-1.0,-1.0,-1.0,-1.0,-1.037232477759258,-0.7299511184880596,-4.867380809543824
60,0.12,0.46509931167484775,0.3224666991531166,2.3240267942670916,-1.037232477759258,-0.7299511184880596,-6.044580809543824,0.05136623916533847,0.2,-0.0018,1.0143,0.9914,-0.0094,-0.0703,0.1097,-0.0481,-0.0521,0.0041,0.4367,-0.2376,0.0376,-0.015,-0.0244,0.0162,0.4897,-0.2133,-0.0208,-0.6147,-0.0711,0.2663,-0.0892,-0.0904,0.0204,-0.036,-0.0051,0.0045,0.0918,0.1583,-0.1863,-0.002,-0.1156,0.0112,0.1872,0.0004,-0.3551,-0.599,-2.0977,4.864,2.3387,-1.9551,1.1834,8.953,-3.4086,-0.9833,1.0543,-0.1058,0.6316,6.9709,-1.2633,0.0967,-13.3231,-0.6835,2.545,-1.0788,-1.4187,0.3307,-0.3879,-0.067,2.2322,1.4614,1.3302,-3.6276,-0.15,-1.5717,0.2115,-1.0,-1.0,-1.0,-1.0,-1.0,-1.0,-1.0,-1.0,-1.0,-1.0,-1.0,-1.0,-1.0,-1.0,-1.0,-1.0,-1.0,-1.0,-1.0,-1.0,-1.0,-1.0,-1.0,-1.0,-1.0,-1.0,-1.0,-1.0,-1.0,-1.0,-1.0,-1.0,-1.0,-1.0,-1.0,-1.0,-1.0,-1.0,-1.0,-1.0,-1.0,-1.0,-1.0,-1.0,-1.0,-1.0,-1.0,-1.0,-1.0,-1.0,-1.0,-1.0,-1.0,-1.0,-1.0,-1.0,-1.0,-1.0,-1.0,-1.0,-1.0,-1.0,-1.0,-1.037232477759258,-0.7299511184880596,-4.867380809543824
61,0.122,0.4630248467193292,0.3210067969161405,2.311918012648004,-1.037232477759258,-0.7299511184880596,-6.064200809543824,0.05136623916533847,0.2004,-0.0019,1.0135,0.9907,-0.0102,-0.0724,0.1144,-0.0427,-0.0563,0.007,0.4556,-0.2436,0.036,-0.0128,-0.0247,0.0177,0.5034,-0.2153,-0.0205,-0.6409,-0.0728,0.2712,-0.0909,-0.093,0.0211,-0.0367,-0.0052,0.0094,0.0944,0.1605,-0.1933,-0.0023,-0.1187,0.0116,0.1919,-0.0067,-0.3769,-0.6895,-2.0884,4.7532,2.6818,-2.0882,1.4353,9.4445,-2.9958,-0.8072,1.1049,-0.1455,0.7303,6.8316,-1.0001,0.1233,-13.1216,-0.8674,2.4797,-0.8568,-1.2914,0.3121,-0.3806,-0.0545,2.444,1.2919,1.1011,-3.5268,-0.1857,-1.5296,0.2188,-1.0,-1.0,-1.0,-1.0,-1.0,-1.0,-1.0,-1.0,-1.0,-1.0,-1.0,-1.0,-1.0,-1.0,-1.0,-1.0,-1.0,-1.0,-1.0,-1.0,-1.0,-1.0,-1.0,-1.0,-1.0,-1.0,-1.0,-1.0,-1.0,-1.0,-1.0,-1.0,-1.0,-1.0,-1.0,-1.0,-1.0,-1.0,-1.0,-1.0,-1.0,-1.0,-1.0,-1.0,-1.0,-1.0,-1.0,-1.0,-1.0,-1.0,-1.0,-1.0,-1.0,-1.0,-1.0,-1.0,-1.0,-1.0,-1.0,-1.0,-1.0,-1.0,-1.0,-1.037232477759258,-0.7299511184880596,-4.867380809543824
62,0.124,0.4609503817638107,0.31954689467916436,2.2997699910289158,-1.037232477759258,-0.7299511184880596,-6.083820809543823,0.05136623916533847,0.2008,-0.0019,1.0127,0.99,-0.0111,-0.0745,0.119,-0.0366,-0.0607,0.0104,0.4755,-0.2487,0.0347,-0.0105,-0.0251,0.0194,0.5167,-0.2168,-0.0202,-0.6667,-0.0749,0.2761,-0.0922,-0.0953,0.0216,-0.0375,-0.0053,0.0147,0.0967,0.1622,-0.2002,-0.0028,-0.1216,0.0121,0.1967,-0.0151,-0.3988,-0.7842,-2.0758,4.6182,3.0389,-2.2284,1.6985,9.9487,-2.5711,-0.6249,1.162,-0.2032,0.8387,6.6903,-0.751,0.15,-12.893,-1.0445,2.4222,-0.6137,-1.1522,0.2927,-0.3728,-0.0414,2.652,1.126,0.8581,-3.4096,-0.2236,-1.4857,0.2267,-1.0,-1.0,-1.0,-1.0,-1.0,-1.0,-1.0,-1.0,-1.0,-1.0,-1.0,-1.0,-1.0,-1.0,-1.0,-1.0,-1.0,-1.0,-1.0,-1.0,-1.0,-1.0,-1.0,-1.0,-1.0,-1.0,-1.0,-1.0,-1.0,-1.0,-1.0,-1.0,-1.0,-1.0,-1.0,-1.0,-1.0,-1.0,-1.0,-1.0,-1.0,-1.0,-1.0,-1.0,-1.0,-1.0,-1.0,-1.0,-1.0,-1.0,-1.0,-1.0,-1.0,-1.0,-1.0,-1.0,-1.0,-1.0,-1.0,-1.0,-1.0,-1.0,-1.0,-1.037232477759258,-0.7299511184880596,-4.867380809543824
63,0.126,0.4588759168082922,0.31808699244218824,2.287582729409828,-1.037232477759258,-0.7299511184880596,-6.103440809543824,0.05136623916533847,0.2012,-0.0019,1.0119,0.9893,-0.012,-0.0765,0.1233,-0.03,-0.0656,0.0139,0.4957,-0.2553,0.0333,-0.008,-0.0257,0.0212,0.5298,-0.2178,-0.0199,-0.692,-0.0773,0.2808,-0.0929,-0.0973,0.0222,-0.0382,-0.0054,0.0204,0.0986,0.1634,-0.2067,-0.0033,-0.1245,0.0125,0.1945,-0.0187,-0.4106,-0.8448,-2.0448,4.4681,3.299,-2.4331,1.741,10.1229,-3.279,-0.7176,1.2382,-0.2955,0.9016,6.5343,-0.5143,0.1772,-12.65,-1.2098,2.3652,-0.3485,-0.9865,0.2726,-0.3644,-0.0276,2.8546,0.9668,0.5994,-3.2722,-0.2635,-1.4393,0.235,-1.0,-1.0,-1.0,-1.0,-1.0,-1.0,-1.0,-1.0,-1.0,-1.0,-1.0,-1.0,-1.0,-1.0,-1.0,-1.0,-1.0,-1.0,-1.0,-1.0,-1.0,-1.0,-1.0,-1.0,-1.0,-1.0,-1.0,-1.0,-1.0,-1.0,-1.0,-1.0,-1.0,-1.0,-1.0,-1.0,-1.0,-1.0,-1.0,-1.0,-1.0,-1.0,-1.0,-1.0,-1.0,-1.0,-1.0,-1.0,-1.0,-1.0,-1.0,-1.0,-1.0,-1.0,-1.0,-1.0,-1.0,-1.0,-1.0,-1.0,-1.0,-1.0,-1.0,-1.037232477759258,-0.7299511184880596,-4.867380809543824
64,0.128,0.45680145185277365,0.3166270902052121,2.275356227790741,-1.037232477759258,-0.7299511184880596,-6.123060809543824,0.05136623916533847,0.2016,-0.002,1.011,0.9886,-0.013,-0.0786,0.1276,-0.0229,-0.0709,0.0175,0.5164,-0.2629,0.0317,-0.0054,-0.0265,0.0231,0.5425,-0.2184,-0.0195,-0.7168,-0.0801,0.2854,-0.093,-0.0989,0.0227,-0.0389,-0.0054,0.0266,0.1002,0.1641,-0.2129,-0.0039,-0.1273,0.013,0.1927,-0.0229,-0.4231,-0.9062,-2.0113,4.3234,3.5553,-2.6514,1.7992,10.3249,-3.8215,-0.7646,1.3047,-0.3766,0.9597,6.3427,-0.2927,0.2054,-12.4048,-1.3715,2.3122,-0.0624,-0.8264,0.2518,-0.3562,-0.0134,3.0553,0.7953,0.3451,-3.1233,-0.3051,-1.393,0.2435,-1.0,-1.0,-1.0,-1.0,-1.0,-1.0,-1.0,-1.0,-1.0,-1.0,-1.0,-1.0,-1.0,-1.0,-1.0,-1.0,-1.0,-1.0,-1.0,-1.0,-1.0,-1.0,-1.0,-1.0,-1.0,-1.0,-1.0,-1.0,-1.0,-1.0,-1.0,-1.0,-1.0,-1.0,-1.0,-1.0,-1.0,-1.0,-1.0,-1.0,-1.0,-1.0,-1.0,-1.0,-1.0,-1.0,-1.0,-1.0,-1.0,-1.0,-1.0,-1.0,-1.0,-1.0,-1.0,-1.0,-1.0,-1.0,-1.0,-1.0,-1.0,-1.0,-1.0,-1.037232477759258,-0.7299511184880596,-4.867380809543824
65,0.13,0.45472698689725516,0.315167187968236,2.263090486171653,-1.037232477759258,-0.7299511184880596,-6.142680809543824,0.05136623916533847,0.2019,-0.002,1.0102,0.9879,-0.014,-0.0806,0.1316,-0.0158,-0.0765,0.0211,0.5373,-0.2715,0.0302,-0.0029,-0.0275,0.0249,0.555,-0.2186,-0.019,-0.741,-0.0832,0.29,-0.0927,-0.1003,0.0231,-0.0396,-0.0054,0.0331,0.1013,0.1643,-0.219,-0.0047,-0.13,0.0136,0.1906,-0.0217,-0.4382,-0.933,-1.9763,4.1398,3.5844,-2.7928,1.8268,10.4697,-4.2894,-0.7588,1.2545,-0.5204,0.8913,6.2507,-0.1041,0.232,-12.0722,-1.5406,2.2766,0.1604,-0.6761,0.2194,-0.3459,0.0046,3.2692,0.5615,0.1119,-3.026,-0.3784,-1.352,0.2567,-1.0,-1.0,-1.0,-1.0,-1.0,-1.0,-1.0,-1.0,-1.0,-1.0,-1.0,-1.0,-1.0,-1.0,-1.0,-1.0,-1.0,-1.0,-1.0,-1.0,-1.0,-1.0,-1.0,-1.0,-1.0,-1.0,-1.0,-1.0,-1.0,-1.0,-1.0,-1.0,-1.0,-1.0,-1.0,-1.0,-1.0,-1.0,-1.0,-1.0,-1.0,-1.0,-1.0,-1.0,-1.0,-1.0,-1.0,-1.0,-1.0,-1.0,-1.0,-1.0,-1.0,-1.0,-1.0,-1.0,-1.0,-1.0,-1.0,-1.0,-1.0,-1.0,-1.0,-1.037232477759258,-0.7299511184880596,-4.867380809543824
66,0.132,0.45265252194173666,0.3137072857312599,2.2507855045525655,-1.037232477759258,-0.7299511184880596,-6.162300809543824,0.05136623916533847,0.2023,-0.0021,1.0093,0.9872,-0.015,-0.0826,0.1354,-0.0085,-0.0822,0.0251,0.5591,-0.2793,0.0291,-0.0005,-0.0288,0.0266,0.5673,-0.2185,-0.0185,-0.7644,-0.0866,0.2945,-0.0919,-0.1013,0.0235,-0.0403,-0.0053,0.0401,0.1019,0.1641,-0.2249,-0.0056,-0.1326,0.0141,0.1934,-0.023,-0.4608,-0.981,-1.9519,3.9327,3.6306,-2.8594,1.9765,10.8952,-3.8757,-0.5724,1.1932,-0.6504,0.8411,6.1574,0.0666,0.2574,-11.7109,-1.7179,2.2595,0.3842,-0.5341,0.1857,-0.3358,0.0231,3.4768,0.3117,-0.115,-2.9265,-0.4553,-1.3109,0.2702,-1.0,-1.0,-1.0,-1.0,-1.0,-1.0,-1.0,-1.0,-1.0,-1.0,-1.0,-1.0,-1.0,-1.0,-1.0,-1.0,-1.0,-1.0,-1.0,-1.0,-1.0,-1.0,-1.0,-1.0,-1.0,-1.0,-1.0,-1.0,-1.0,-1.0,-1.0,-1.0,-1.0,-1.0,-1.0,-1.0,-1.0,-1.0,-1.0,-1.0,-1.0,-1.0,-1.0,-1.0,-1.0,-1.0,-1.0,-1.0,-1.0,-1.0,-1.0,-1.0,-1.0,-1.0,-1.0,-1.0,-1.0,-1.0,-1.0,-1.0,-1.0,-1.0,-1.0,-1.037232477759258,-0.7299511184880596,-4.867380809543824
67,0.134,0.4505780569862181,0.31224738349428377,2.238441282933478,-1.037232477759258,-0.7299511184880596,-6.181920809543824,0.05136623916533847,0.2027,-0.0021,1.0083,0.9865,-0.0161,-0.0846,0.1391,-0.0012,-0.088,0.0293,0.5817,-0.2862,0.0283,0.0018,-0.0303,0.0281,0.5794,-0.218,-0.0179,-0.7871,-0.0904,0.299,-0.0907,-0.1021,0.0238,-0.0409,-0.0053,0.0474,0.102,0.1634,-0.2305,-0.0067,-0.1352,0.0147,0.1967,-0.0234,-0.4835,-1.0222,-1.9304,3.7247,3.6437,-2.9072,2.1142,11.2925,-3.4845,-0.3923,1.1197,-0.7658,0.7691,6.0435,0.2206,0.2823,-11.3452,-1.8968,2.2531,0.6102,-0.3911,0.151,-0.3257,0.042,3.6781,0.0525,-0.3384,-2.8207,-0.5353,-1.2706,0.2842,-1.0,-1.0,-1.0,-1.0,-1.0,-1.0,-1.0,-1.0,-1.0,-1.0,-1.0,-1.0,-1.0,-1.0,-1.0,-1.0,-1.0,-1.0,-1.0,-1.0,-1.0,-1.0,-1.0,-1.0,-1.0,-1.0,-1.0,-1.0,-1.0,-1.0,-1.0,-1.0,-1.0,-1.0,-1.0,-1.0,-1.0,-1.0,-1.0,-1.0,-1.0,-1.0,-1.0,-1.0,-1.0,-1.0,-1.0,-1.0,-1.0,-1.0,-1.0,-1.0,-1.0,-1.0,-1.0,-1.0,-1.0,-1.0,-1.0,-1.0,-1.0,-1.0,-1.0,-1.037232477759258,-0.7299511184880596,-4.867380809543824
68,0.136,0.4485035920306996,0.31078748125730765,2.2260578213143902,-1.037232477759258,-0.7299511184880596,-6.201540809543824,0.05136623916533847,0.2031,-0.0022,1.0073,0.9859,-0.0171,-0.0866,0.1425,0.006,-0.0939,0.0338,0.605,-0.2925,0.0279,0.0038,-0.0321,0.0294,0.5912,-0.2173,-0.0173,-0.809,-0.0946,0.3035,-0.089,-0.1026,0.024,-0.0415,-0.0051,0.0552,0.1016,0.1623,-0.2359,-0.0079,-0.1376,0.0153,0.2005,-0.0226,-0.5063,-1.0564,-1.9121,3.5171,3.626,-2.9355,2.2402,11.6619,-3.1152,-0.2185,1.035,-0.8652,0.6759,5.9095,0.3583,0.3066,-10.9777,-2.0771,2.2565,0.8391,-0.2481,0.1154,-0.3158,0.0612,3.8732,-0.213,-0.5596,-2.7094,-0.6178,-1.2323,0.2986,-1.0,-1.0,-1.0,-1.0,-1.0,-1.0,-1.0,-1.0,-1.0,-1.0,-1.0,-1.0,-1.0,-1.0,-1.0,-1.0,-1.0,-1.0,-1.0,-1.0,-1.0,-1.0,-1.0,-1.0,-1.0,-1.0,-1.0,-1.0,-1.0,-1.0,-1.0,-1.0,-1.0,-1.0,-1.0,-1.0,-1.0,-1.0,-1.0,-1.0,-1.0,-1.0,-1.0,-1.0,-1.0,-1.0,-1.0,-1.0,-1.0,-1.0,-1.0,-1.0,-1.0,-1.0,-1.0,-1.0,-1.0,-1.0,-1.0,-1.0,-1.0,-1.0,-1.0,-1.037232477759258,-0.7299511184880596,-4.867380809543824
69,0.138,0.4464291270751811,0.30932757902033153,2.2136351196953026,-1.037232477759258,-0.7299511184880596,-6.221160809543824,0.05136623916533847,0.2036,-0.0022,1.0062,0.9852,-0.0182,-0.0886,0.1457,0.0131,-0.0993,0.0383,0.628,-0.2979,0.0277,0.0056,-0.0336,0.0305,0.6023,-0.2163,-0.0167,-0.8302,-0.0993,0.308,-0.087,-0.1029,0.0242,-0.0422,-0.005,0.0633,0.1005,0.1608,-0.241,-0.0094,-0.14,0.0159,0.2128,-0.0119,-0.5243,-1.0628,-1.9418,3.3182,3.5325,-2.6785,2.2775,11.4681,-2.7303,-0.0989,0.8697,-0.7708,0.5185,5.5274,0.508,0.3093,-10.5766,-2.3529,2.2524,1.0237,-0.128,0.082,-0.3083,0.0772,4.0707,-0.5747,-0.7487,-2.5662,-0.7417,-1.1978,0.3076,-1.0,-1.0,-1.0,-1.0,-1.0,-1.0,-1.0,-1.0,-1.0,-1.0,-1.0,-1.0,-1.0,-1.0,-1.0,-1.0,-1.0,-1.0,-1.0,-1.0,-1.0,-1.0,-1.0,-1.0,-1.0,-1.0,-1.0,-1.0,-1.0,-1.0,-1.0,-1.0,-1.0,-1.0,-1.0,-1.0,-1.0,-1.0,-1.0,-1.0,-1.0,-1.0,-1.0,-1.0,-1.0,-1.0,-1.0,-1.0,-1.0,-1.0,-1.0,-1.0,-1.0,-1.0,-1.0,-1.0,-1.0,-1.0,-1.0,-1.0,-1.0,-1.0,-1.0,-1.037232477759258,-0.7299511184880596,-4.867380809543824
70,0.14,0.44435466211966257,0.3078676767833554,2.201173178076215,-1.037232477759258,-0.7299511184880596,-6.240780809543824,0.05136623916533847,0.204,-0.0022,1.0051,0.9845,-0.0192,-0.0906,0.1487,0.02,-0.1041,0.043,0.6506,-0.3027,0.0277,0.0069,-0.035,0.0312,0.6126,-0.215,-0.0161,-0.8505,-0.1045,0.3124,-0.0845,-0.1029,0.0243,-0.0428,-0.0048,0.0718,0.0986,0.1589,-0.2459,-0.0111,-0.1424,0.0165,0.2251,-0.0006,-0.5423,-1.0662,-1.9686,3.1311,3.448,-2.4401,2.3225,11.3033,-2.3728,0.0105,0.6853,-0.6792,0.3459,5.1635,0.6384,0.3115,-10.1853,-2.629,2.219,1.2229,-0.0103,0.0454,-0.3007,0.0934,4.2629,-0.9377,-0.9391,-2.4231,-0.8678,-1.1664,0.3172,-1.0,-1.0,-1.0,-1.0,-1.0,-1.0,-1.0,-1.0,-1.0,-1.0,-1.0,-1.0,-1.0,-1.0,-1.0,-1.0,-1.0,-1.0,-1.0,-1.0,-1.0,-1.0,-1.0,-1.0,-1.0,-1.0,-1.0,-1.0,-1.0,-1.0,-1.0,-1.0,-1.0,-1.0,-1.0,-1.0,-1.0,-1.0,-1.0,-1.0,-1.0,-1.0,-1.0,-1.0,-1.0,-1.0,-1.0,-1.0,-1.0,-1.0,-1.0,-1.0,-1.0,-1.0,-1.0,-1.0,-1.0,-1.0,-1.0,-1.0,-1.0,-1.0,-1.0,-1.037232477759258,-0.7299511184880596,-4.867380809543824
71,0.142,0.442280197164144,0.3064077745463793,2.188671996457127,-1.037232477759258,-0.7299511184880596,-6.260400809543824,0.05136623916533847,0.2045,-0.0022,1.004,0.9839,-0.0203,-0.0927,0.1516,0.0268,-0.1086,0.0478,0.6729,-0.3068,0.0279,0.0079,-0.0361,0.0315,0.6222,-0.2135,-0.0154,-0.8701,-0.1103,0.3168,-0.0816,-0.1027,0.0243,-0.0433,-0.0046,0.0807,0.096,0.1567,-0.2504,-0.0131,-0.1446,0.0172,0.2378,0.0109,-0.5603,-1.0702,-1.9949,2.9531,3.3811,-2.2222,2.3862,11.184,-2.0427,0.1095,0.4857,-0.585,0.1646,4.8135,0.7505,0.3133,-9.7998,-2.9028,2.1525,1.4381,0.1048,0.006,-0.2931,0.1096,4.451,-1.302,-1.1307,-2.2786,-0.9958,-1.1378,0.3273,-1.0,-1.0,-1.0,-1.0,-1.0,-1.0,-1.0,-1.0,-1.0,-1.0,-1.0,-1.0,-1.0,-1.0,-1.0,-1.0,-1.0,-1.0,-1.0,-1.0,-1.0,-1.0,-1.0,-1.0,-1.0,-1.0,-1.0,-1.0,-1.0,-1.0,-1.0,-1.0,-1.0,-1.0,-1.0,-1.0,-1.0,-1.0,-1.0,-1.0,-1.0,-1.0,-1.0,-1.0,-1.0,-1.0,-1.0,-1.0,-1.0,-1.0,-1.0,-1.0,-1.0,-1.0,-1.0,-1.0,-1.0,-1.0,-1.0,-1.0,-1.0,-1.0,-1.0,-1.037232477759258,-0.7299511184880596,-4.867380809543824
72,0.144,0.4402057322086255,0.3049478723094032,2.176131574838039,-1.037232477759258,-0.7299511184880596,-6.280020809543824,0.05136623916533847,0.205,-0.0021,1.0029,0.9832,-0.0213,-0.0948,0.1543,0.0334,-0.1129,0.0526,0.6945,-0.3123,0.0279,0.0088,-0.0371,0.032,0.632,-0.2137,-0.0142,-0.8891,-0.1166,0.3208,-0.0783,-0.1022,0.0242,-0.0439,-0.0043,0.09,0.0926,0.154,-0.2546,-0.0154,-0.1469,0.0178,0.2476,0.0163,-0.5599,-1.0861,-2.0152,2.8641,3.3298,-2.1603,2.4112,10.7866,-2.7703,0.0122,0.4487,-0.4614,0.2319,4.9056,-0.0831,0.6392,-9.4845,-3.1626,2.041,1.662,0.2437,-0.0354,-0.2843,0.1257,4.6593,-1.6675,-1.3229,-2.0984,-1.1249,-1.1102,0.3377,-1.0,-1.0,-1.0,-1.0,-1.0,-1.0,-1.0,-1.0,-1.0,-1.0,-1.0,-1.0,-1.0,-1.0,-1.0,-1.0,-1.0,-1.0,-1.0,-1.0,-1.0,-1.0,-1.0,-1.0,-1.0,-1.0,-1.0,-1.0,-1.0,-1.0,-1.0,-1.0,-1.0,-1.0,-1.0,-1.0,-1.0,-1.0,-1.0,-1.0,-1.0,-1.0,-1.0,-1.0,-1.0,-1.0,-1.0,-1.0,-1.0,-1.0,-1.0,-1.0,-1.0,-1.0,-1.0,-1.0,-1.0,-1.0,-1.0,-1.0,-1.0,-1.0,-1.0,-1.037232477759258,-0.7299511184880596,-4.867380809543824
73,0.146,0.438131267253107,0.30348797007242706,2.163551913218952,-1.037232477759258,-0.7299511184880596,-6.299640809543824,0.05136623916533847,0.2055,-0.0021,1.0018,0.9826,-0.0223,-0.0969,0.1569,0.0402,-0.1173,0.0575,0.7158,-0.3191,0.0278,0.0096,-0.0381,0.0324,0.6424,-0.2153,-0.0123,-0.9071,-0.1235,0.3249,-0.0748,-0.1015,0.0241,-0.0445,-0.0041,0.0998,0.0886,0.1511,-0.2586,-0.0179,-0.149,0.0185,0.2525,0.0188,-0.5647,-1.0971,-2.0109,2.6464,3.3948,-2.1906,2.4603,10.6435,-3.4179,-0.076,0.3802,-0.5214,0.2437,5.1824,-0.815,0.9322,-8.9933,-3.4474,2.0547,1.7819,0.3432,-0.0861,-0.2744,0.1392,4.888,-2.038,-1.4906,-1.9732,-1.2846,-1.0834,0.3439,-1.0,-1.0,-1.0,-1.0,-1.0,-1.0,-1.0,-1.0,-1.0,-1.0,-1.0,-1.0,-1.0,-1.0,-1.0,-1.0,-1.0,-1.0,-1.0,-1.0,-1.0,-1.0,-1.0,-1.0,-1.0,-1.0,-1.0,-1.0,-1.0,-1.0,-1.0,-1.0,-1.0,-1.0,-1.0,-1.0,-1.0,-1.0,-1.0,-1.0,-1.0,-1.0,-1.0,-1.0,-1.0,-1.0,-1.0,-1.0,-1.0,-1.0,-1.0,-1.0,-1.0,-1.0,-1.0,-1.0,-1.0,-1.0,-1.0,-1.0,-1.0,-1.0,-1.0,-1.037232477759258,-0.7299511184880596,-4.867380809543824
74,0.148,0.43605680229758853,0.30202806783545094,2.1509330115998644,-1.037232477759258,-0.7299511184880596,-6.319260809543824,0.05136623916533847,0.206,-0.002,1.0006,0.982,-0.0233,-0.099,0.1591,0.0471,-0.1215,0.0626,0.7375,-0.3253,0.0278,0.0098,-0.0394,0.0324,0.6526,-0.2166,-0.0105,-0.924,-0.1311,0.3291,-0.071,-0.1007,0.0238,-0.045,-0.0037,0.11,0.0838,0.1477,-0.2624,-0.0208,-0.1512,0.0192,0.2594,0.0283,-0.5874,-1.0887,-2.0048,2.3478,3.4518,-2.101,2.5395,10.842,-3.0615,0.0021,0.125,-0.6329,-0.0175,5.1029,-0.6437,0.9053,-8.4255,-3.7638,2.0793,1.862,0.4176,-0.1385,-0.266,0.1523,5.0946,-2.4106,-1.6535,-1.8793,-1.4461,-1.0598,0.3495,-1.0,-1.0,-1.0,-1.0,-1.0,-1.0,-1.0,-1.0,-1.0,-1.0,-1.0,-1.0,-1.0,-1.0,-1.0,-1.0,-1.0,-1.0,-1.0,-1.0,-1.0,-1.0,-1.0,-1.0,-1.0,-1.0,-1.0,-1.0,-1.0,-1.0,-1.0,-1.0,-1.0,-1.0,-1.0,-1.0,-1.0,-1.0,-1.0,-1.0,-1.0,-1.0,-1.0,-1.0,-1.0,-1.0,-1.0,-1.0,-1.0,-1.0,-1.0,-1.0,-1.0,-1.0,-1.0,-1.0,-1.0,-1.0,-1.0,-1.0,-1.0,-1.0,-1.0,-1.037232477759258,-0.7299511184880596,-4.867380809543824
75,0.15,0.43398233734207003,0.3005681655984748,2.1382748699807768,-1.037232477759258,-0.7299511184880596,-6.338880809543824,0.05136623916533847,0.2065,-0.0019,0.9994,0.9815,-0.0242,-0.101,0.1611,0.0541,-0.1255,0.0678,0.7595,-0.3307,0.0279,0.0095,-0.0409,0.0318,0.6627,-0.2176,-0.0087,-0.9396,-0.1393,0.3333,-0.0672,-0.0997,0.0234,-0.0455,-0.0034,0.1206,0.0782,0.1441,-0.2659,-0.024,-0.1532,0.0199,0.2655,0.0391,-0.6105,-1.0697,-1.9955,2.0439,3.5048,-2.0015,2.6049,11.0104,-2.7278,0.0702,-0.1409,-0.7636,-0.3095,5.0627,-0.4902,0.8809,-7.8459,-4.0966,2.1021,1.9075,0.4942,-0.1921,-0.2578,0.1649,5.3008,-2.7828,-1.8124,-1.7826,-1.6091,-1.0378,0.3546,-1.0,-1.0,-1.0,-1.0,-1.0,-1.0,-1.0,-1.0,-1.0,-1.0,-1.0,-1.0,-1.0,-1.0,-1.0,-1.0,-1.0,-1.0,-1.0,-1.0,-1.0,-1.0,-1.0,-1.0,-1.0,-1.0,-1.0,-1.0,-1.0,-1.0,-1.0,-1.0,-1.0,-1.0,-1.0,-1.0,-1.0,-1.0,-1.0,-1.0,-1.0,-1.0,-1.0,-1.0,-1.0,-1.0,-1.0,-1.0,-1.0,-1.0,-1.0,-1.0,-1.0,-1.0,-1.0,-1.0,-1.0,-1.0,-1.0,-1.0,-1.0,-1.0,-1.0,-1.037232477759258,-0.7299511184880596,-4.867380809543824
76,0.152,0.4319078723865515,0.2991082633614987,2.125577488361689,-1.037232477759258,-0.7299511184880596,-6.358500809543823,0.05136623916533847,0.2071,-0.0018,0.9981,0.981,-0.0251,-0.1031,0.1627,0.0612,-0.1293,0.0731,0.7818,-0.3355,0.0282,0.0087,-0.0427,0.0305,0.6728,-0.2183,-0.007,-0.9542,-0.1481,0.3376,-0.0634,-0.0985,0.0229,-0.046,-0.0031,0.1316,0.0719,0.1402,-0.2693,-0.0276,-0.1553,0.0207,0.2712,0.0514,-0.6341,-1.0403,-1.9847,1.7353,3.5538,-1.8873,2.6562,11.1467,-2.4165,0.1288,-0.415,-0.9091,-0.6314,5.0556,-0.3535,0.8587,-7.2594,-4.4365,2.1236,1.9259,0.5701,-0.2468,-0.25,0.1771,5.5054,-3.153,-1.9677,-1.681,-1.7733,-1.0171,0.3592,-1.0,-1.0,-1.0,-1.0,-1.0,-1.0,-1.0,-1.0,-1.0,-1.0,-1.0,-1.0,-1.0,-1.0,-1.0,-1.0,-1.0,-1.0,-1.0,-1.0,-1.0,-1.0,-1.0,-1.0,-1.0,-1.0,-1.0,-1.0,-1.0,-1.0,-1.0,-1.0,-1.0,-1.0,-1.0,-1.0,-1.0,-1.0,-1.0,-1.0,-1.0,-1.0,-1.0,-1.0,-1.0,-1.0,-1.0,-1.0,-1.0,-1.0,-1.0,-1.0,-1.0,-1.0,-1.0,-1.0,-1.0,-1.0,-1.0,-1.0,-1.0,-1.0,-1.0,-1.037232477759258,-0.7299511184880596,-4.867380809543824
77,0.154,0.42983340743103293,0.2976483611245226,2.112840866742601,-1.037232477759258,-0.7299511184880596,-6.378120809543824,0.05136623916533847,0.2077,-0.0017,0.9968,0.9804,-0.0259,-0.1053,0.1642,0.068,-0.1319,0.0784,0.8029,-0.3396,0.0284,0.0071,-0.0438,0.0287,0.6816,-0.2185,-0.0054,-0.9682,-0.1573,0.3415,-0.059,-0.0974,0.0223,-0.0465,-0.0027,0.1429,0.0648,0.1362,-0.2728,-0.0313,-0.1573,0.0213,0.3003,0.0744,-0.6453,-1.0013,-2.0908,1.6164,3.3993,-1.3035,2.6573,10.5517,-2.0368,0.1274,-0.7863,-0.5473,-0.9186,4.3606,-0.1292,0.7974,-7.026,-4.5932,1.9583,2.1944,0.5605,-0.321,-0.218,0.1909,5.6536,-3.5477,-1.9788,-1.7483,-1.8686,-0.996,0.3433,-1.0,-1.0,-1.0,-1.0,-1.0,-1.0,-1.0,-1.0,-1.0,-1.0,-1.0,-1.0,-1.0,-1.0,-1.0,-1.0,-1.0,-1.0,-1.0,-1.0,-1.0,-1.0,-1.0,-1.0,-1.0,-1.0,-1.0,-1.0,-1.0,-1.0,-1.0,-1.0,-1.0,-1.0,-1.0,-1.0,-1.0,-1.0,-1.0,-1.0,-1.0,-1.0,-1.0,-1.0,-1.0,-1.0,-1.0,-1.0,-1.0,-1.0,-1.0,-1.0,-1.0,-1.0,-1.0,-1.0,-1.0,-1.0,-1.0,-1.0,-1.0,-1.0,-1.0,-1.037232477759258,-0.7299511184880596,-4.867380809543824
78,0.156,0.4277589424755145,0.29618845888754647,2.1000650051235135,-1.037232477759258,-0.7299511184880596,-6.397740809543824,0.05136623916533847,0.2083,-0.0015,0.9955,0.9799,-0.0267,-0.1075,0.1656,0.0746,-0.1334,0.0837,0.8231,-0.343,0.0287,0.0048,-0.0443,0.0262,0.6891,-0.2184,-0.0039,-0.9817,-0.1669,0.3451,-0.0541,-0.0963,0.0215,-0.0468,-0.0023,0.1545,0.0569,0.1322,-0.2764,-0.0353,-0.1592,0.022,0.326,0.0975,-0.6582,-0.9542,-2.1803,1.4673,3.2742,-0.7813,2.6484,10.0938,-1.6897,0.1202,-1.1388,-0.2684,-1.2284,3.7827,0.0761,0.7404,-6.7425,-4.7726,1.793,2.4268,0.547,-0.392,-0.1907,0.2024,5.8073,-3.9393,-2.0129,-1.8163,-1.9698,-0.9713,0.3283,-1.0,-1.0,-1.0,-1.0,-1.0,-1.0,-1.0,-1.0,-1.0,-1.0,-1.0,-1.0,-1.0,-1.0,-1.0,-1.0,-1.0,-1.0,-1.0,-1.0,-1.0,-1.0,-1.0,-1.0,-1.0,-1.0,-1.0,-1.0,-1.0,-1.0,-1.0,-1.0,-1.0,-1.0,-1.0,-1.0,-1.0,-1.0,-1.0,-1.0,-1.0,-1.0,-1.0,-1.0,-1.0,-1.0,-1.0,-1.0,-1.0,-1.0,-1.0,-1.0,-1.0,-1.0,-1.0,-1.0,-1.0,-1.0,-1.0,-1.0,-1.0,-1.0,-1.0,-1.037232477759258,-0.7299511184880596,-4.867380809543824
79,0.158,0.42568447751999594,0.29472855665057035,2.0872499035044263,-1.037232477759258,-0.7299511184880596,-6.417360809543824,0.05136623916533847,0.209,-0.0013,0.9942,0.9795,-0.0273,-0.1099,0.1669,0.0809,-0.1341,0.089,0.8427,-0.3457,0.0289,0.0019,-0.0445,0.0231,0.6958,-0.2179,-0.0026,-0.9945,-0.1768,0.3483,-0.0489,-0.0953,0.0206,-0.0472,-0.0019,0.1665,0.0482,0.1281,-0.2802,-0.0394,-0.1611,0.0226,0.3483,0.1204,-0.6734,-0.9002,-2.2531,1.2939,3.1783,-0.334,2.6312,9.8059,-1.3746,0.1077,-1.4748,-0.0705,-1.5583,3.3147,0.2636,0.6876,-6.4158,-4.9757,1.6428,2.6003,0.5282,-0.4603,-0.1675,0.2121,5.9662,-4.3278,-2.0644,-1.8833,-2.0761,-0.9426,0.314,-1.0,-1.0,-1.0,-1.0,-1.0,-1.0,-1.0,-1.0,-1.0,-1.0,-1.0,-1.0,-1.0,-1.0,-1.0,-1.0,-1.0,-1.0,-1.0,-1.0,-1.0,-1.0,-1.0,-1.0,-1.0,-1.0,-1.0,-1.0,-1.0,-1.0,-1.0,-1.0,-1.0,-1.0,-1.0,-1.0,-1.0,-1.0,-1.0,-1.0,-1.0,-1.0,-1.0,-1.0,-1.0,-1.0,-1.0,-1.0,-1.0,-1.0,-1.0,-1.0,-1.0,-1.0,-1.0,-1.0,-1.0,-1.0,-1.0,-1.0,-1.0,-1.0,-1.0,-1.037232477759258,-0.7299511184880596,-4.867380809543824
80,0.16,0.4236100125644774,0.29326865441359423,2.0743955618853387,-1.037232477759258,-0.7299511184880596,-6.436980809543824,0.05136623916533847,0.2098,-0.001,0.9928,0.979,-0.0279,-0.1122,0.1679,0.0872,-0.134,0.0942,0.8621,-0.3479,0.0291,-0.0017,-0.0444,0.0193,0.7016,-0.217,-0.0013,-1.0066,-0.1872,0.3514,-0.0435,-0.0943,0.0195,-0.0475,-0.0014,0.1787,0.0388,0.1238,-0.2841,-0.0438,-0.1629,0.0232,0.3673,0.1428,-0.6912,-0.8403,-2.3107,1.1043,3.1115,0.0332,2.6076,9.6946,-1.0894,0.0903,-1.7941,0.0579,-1.9053,2.9388,0.4339,0.6389,-6.057,-5.2003,1.5141,2.7238,0.5039,-0.526,-0.1476,0.2202,6.13,-4.7131,-2.1273,-1.9474,-2.1866,-0.9091,0.3007,-1.0,-1.0,-1.0,-1.0,-1.0,-1.0,-1.0,-1.0,-1.0,-1.0,-1.0,-1.0,-1.0,-1.0,-1.0,-1.0,-1.0,-1.0,-1.0,-1.0,-1.0,-1.0,-1.0,-1.0,-1.0,-1.0,-1.0,-1.0,-1.0,-1.0,-1.0,-1.0,-1.0,-1.0,-1.0,-1.0,-1.0,-1.0,-1.0,-1.0,-1.0,-1.0,-1.0,-1.0,-1.0,-1.0,-1.0,-1.0,-1.0,-1.0,-1.0,-1.0,-1.0,-1.0,-1.0,-1.0,-1.0,-1.0,-1.0,-1.0,-1.0,-1.0,-1.0,-1.037232477759258,-0.7299511184880596,-4.867380809543824
81,0.162,0.4215355476089589,0.2918087521766181,2.061501980266251,-1.037232477759258,-0.7299511184880596,-6.456600809543824,0.05136623916533847,0.2105,-0.0006,0.9913,0.9786,-0.0283,-0.1146,0.1688,0.0934,-0.1335,0.0993,0.8811,-0.3495,0.0292,-0.0058,-0.0442,0.0148,0.7069,-0.2158,-0.0001,-1.018,-0.1981,0.3544,-0.038,-0.0931,0.0183,-0.0477,-0.001,0.191,0.0286,0.1195,-0.288,-0.0483,-0.1647,0.0238,0.3749,0.1641,-0.7108,-0.7679,-2.3184,0.9065,3.1199,0.2656,2.5566,9.5203,-0.7908,0.0639,-2.0783,0.0693,-2.2781,2.6255,0.6137,0.6093,-5.6992,-5.4529,1.5147,2.7505,0.5712,-0.5869,-0.1333,0.2226,6.153,-5.1141,-2.1613,-1.9646,-2.2661,-0.8804,0.274,-1.0,-1.0,-1.0,-1.0,-1.0,-1.0,-1.0,-1.0,-1.0,-1.0,-1.0,-1.0,-1.0,-1.0,-1.0,-1.0,-1.0,-1.0,-1.0,-1.0,-1.0,-1.0,-1.0,-1.0,-1.0,-1.0,-1.0,-1.0,-1.0,-1.0,-1.0,-1.0,-1.0,-1.0,-1.0,-1.0,-1.0,-1.0,-1.0,-1.0,-1.0,-1.0,-1.0,-1.0,-1.0,-1.0,-1.0,-1.0,-1.0,-1.0,-1.0,-1.0,-1.0,-1.0,-1.0,-1.0,-1.0,-1.0,-1.0,-1.0,-1.0,-1.0,-1.0,-1.037232477759258,-0.7299511184880596,-4.867380809543824
82,0.164,0.4194610826534404,0.29034884993964194,2.048569158647163,-1.037232477759258,-0.7299511184880596,-6.476220809543824,0.05136623916533847,0.2113,-0.0003,0.9899,0.9781,-0.0287,-0.117,0.1696,0.0997,-0.1329,0.1042,0.8992,-0.353,0.0288,-0.0101,-0.0441,0.0103,0.7132,-0.2175,0.0023,-1.0289,-0.2095,0.3574,-0.0325,-0.0917,0.017,-0.048,-0.0005,0.2034,0.0176,0.1151,-0.2918,-0.053,-0.1664,0.0243,0.3787,0.1755,-0.7034,-0.7209,-2.3239,0.8129,3.1579,0.2851,2.4457,9.0399,-1.7537,-0.2056,-2.1166,0.0827,-2.2116,3.1713,-0.8803,1.1567,-5.4203,-5.6915,1.4966,2.7329,0.7054,-0.6448,-0.1201,0.2234,6.1864,-5.5058,-2.2099,-1.9212,-2.3443,-0.8479,0.2477,-1.0,-1.0,-1.0,-1.0,-1.0,-1.0,-1.0,-1.0,-1.0,-1.0,-1.0,-1.0,-1.0,-1.0,-1.0,-1.0,-1.0,-1.0,-1.0,-1.0,-1.0,-1.0,-1.0,-1.0,-1.0,-1.0,-1.0,-1.0,-1.0,-1.0,-1.0,-1.0,-1.0,-1.0,-1.0,-1.0,-1.0,-1.0,-1.0,-1.0,-1.0,-1.0,-1.0,-1.0,-1.0,-1.0,-1.0,-1.0,-1.0,-1.0,-1.0,-1.0,-1.0,-1.0,-1.0,-1.0,-1.0,-1.0,-1.0,-1.0,-1.0,-1.0,-1.0,-1.037232477759258,-0.7299511184880596,-4.867380809543824
83,0.166,0.41738661769792185,0.2888889477026658,2.0355970970280755,-1.037232477759258,-0.7299511184880596,-6.495840809543824,0.05136623916533847,0.212,0.0001,0.9885,0.9777,-0.0291,-0.1193,0.1702,0.1061,-0.1323,0.1088,0.9164,-0.358,0.0279,-0.0144,-0.0439,0.0059,0.7205,-0.2218,0.0055,-1.0391,-0.2214,0.3604,-0.0271,-0.09,0.0156,-0.0482,-0.0001,0.2158,0.0058,0.1105,-0.2956,-0.0578,-0.168,0.0247,0.3814,0.1892,-0.699,-0.6622,-2.3249,0.6886,3.2014,0.3347,2.3225,8.5837,-2.4666,-0.4299,-2.1792,0.0695,-2.2202,3.6382,-2.1429,1.6238,-5.1069,-5.9395,1.4902,2.6851,0.8524,-0.7006,-0.1098,0.2229,6.2043,-5.892,-2.2667,-1.8739,-2.4216,-0.8142,0.2219,-1.0,-1.0,-1.0,-1.0,-1.0,-1.0,-1.0,-1.0,-1.0,-1.0,-1.0,-1.0,-1.0,-1.0,-1.0,-1.0,-1.0,-1.0,-1.0,-1.0,-1.0,-1.0,-1.0,-1.0,-1.0,-1.0,-1.0,-1.0,-1.0,-1.0,-1.0,-1.0,-1.0,-1.0,-1.0,-1.0,-1.0,-1.0,-1.0,-1.0,-1.0,-1.0,-1.0,-1.0,-1.0,-1.0,-1.0,-1.0,-1.0,-1.0,-1.0,-1.0,-1.0,-1.0,-1.0,-1.0,-1.0,-1.0,-1.0,-1.0,-1.0,-1.0,-1.0,-1.037232477759258,-0.7299511184880596,-4.867380809543824
84,0.168,0.41531215274240335,0.2874290454656897,2.022585795408988,-1.037232477759258,-0.7299511184880596,-6.515460809543824,0.05136623916533847,0.2128,0.0005,0.9871,0.9773,-0.0293,-0.1217,0.1707,0.1126,-0.1312,0.1133,0.933,-0.3621,0.027,-0.0193,-0.0439,0.0005,0.7272,-0.2255,0.0086,-1.0485,-0.2338,0.3634,-0.0219,-0.0881,0.0141,-0.0484,0.0004,0.2282,-0.0068,0.1059,-0.2993,-0.0628,-0.1695,0.0251,0.3846,0.2139,-0.7185,-0.5598,-2.3166,0.4631,3.2474,0.5579,2.209,8.2957,-2.0706,-0.4407,-2.4263,0.0272,-2.6736,3.3673,-1.8229,1.5542,-4.6964,-6.2185,1.5093,2.6241,0.9718,-0.7549,-0.1032,0.2215,6.1967,-6.2759,-2.334,-1.867,-2.4983,-0.7811,0.1966,-1.0,-1.0,-1.0,-1.0,-1.0,-1.0,-1.0,-1.0,-1.0,-1.0,-1.0,-1.0,-1.0,-1.0,-1.0,-1.0,-1.0,-1.0,-1.0,-1.0,-1.0,-1.0,-1.0,-1.0,-1.0,-1.0,-1.0,-1.0,-1.0,-1.0,-1.0,-1.0,-1.0,-1.0,-1.0,-1.0,-1.0,-1.0,-1.0,-1.0,-1.0,-1.0,-1.0,-1.0,-1.0,-1.0,-1.0,-1.0,-1.0,-1.0,-1.0,-1.0,-1.0,-1.0,-1.0,-1.0,-1.0,-1.0,-1.0,-1.0,-1.0,-1.0,-1.0,-1.037232477759258,-0.7299511184880596,-4.867380809543824
85,0.17,0.41323768778688486,0.2859691432287136,2.0095352537899,-1.037232477759258,-0.7299511184880596,-6.535080809543824,0.05136623916533847,0.2136,0.001,0.9856,0.977,-0.0294,-0.124,0.1709,0.1193,-0.1296,0.1175,0.9487,-0.3653,0.0261,-0.0245,-0.0439,-0.0057,0.7336,-0.2285,0.0116,-1.057,-0.2468,0.3664,-0.0166,-0.0859,0.0125,-0.0485,0.0008,0.2406,-0.0201,0.1013,-0.303,-0.068,-0.171,0.0254,0.388,0.2365,-0.7373,-0.4618,-2.3029,0.2217,3.3235,0.7893,2.1229,7.8547,-1.6076,-0.4537,-2.611,-0.0342,-3.1128,3.1689,-1.5178,1.4962,-4.2503,-6.4848,1.4915,2.6186,1.0533,-0.7962,-0.0742,0.2181,6.1849,-6.6865,-2.2913,-1.83,-2.5579,-0.7288,0.1706,-1.0,-1.0,-1.0,-1.0,-1.0,-1.0,-1.0,-1.0,-1.0,-1.0,-1.0,-1.0,-1.0,-1.0,-1.0,-1.0,-1.0,-1.0,-1.0,-1.0,-1.0,-1.0,-1.0,-1.0,-1.0,-1.0,-1.0,-1.0,-1.0,-1.0,-1.0,-1.0,-1.0,-1.0,-1.0,-1.0,-1.0,-1.0,-1.0,-1.0,-1.0,-1.0,-1.0,-1.0,-1.0,-1.0,-1.0,-1.0,-1.0,-1.0,-1.0,-1.0,-1.0,-1.0,-1.0,-1.0,-1.0,-1.0,-1.0,-1.0,-1.0,-1.0,-1.0,-1.037232477759258,-0.7299511184880596,-4.867380809543824
86,0.172,0.4111632228313663,0.28450924099173747,1.9964454721708123,-1.037232477759258,-0.7299511184880596,-6.554700809543824,0.05136623916533847,0.2143,0.0015,0.9841,0.9767,-0.0293,-0.1263,0.1709,0.1261,-0.1276,0.1216,0.9634,-0.3676,0.0252,-0.0301,-0.0442,-0.0128,0.7396,-0.2309,0.0145,-1.0646,-0.2603,0.3694,-0.0114,-0.0837,0.0109,-0.0486,0.0012,0.2529,-0.0343,0.0968,-0.3065,-0.0732,-0.1724,0.0257,0.3896,0.2584,-0.7562,-0.3576,-2.2807,-0.0183,3.4092,1.0036,2.0313,7.3505,-1.1256,-0.4698,-2.7714,-0.1287,-3.5619,3.0213,-1.2302,1.4475,-3.8084,-6.732,1.4909,2.6065,1.1416,-0.8339,-0.0453,0.2138,6.1645,-7.0904,-2.2395,-1.7828,-2.6133,-0.6761,0.1452,-1.0,-1.0,-1.0,-1.0,-1.0,-1.0,-1.0,-1.0,-1.0,-1.0,-1.0,-1.0,-1.0,-1.0,-1.0,-1.0,-1.0,-1.0,-1.0,-1.0,-1.0,-1.0,-1.0,-1.0,-1.0,-1.0,-1.0,-1.0,-1.0,-1.0,-1.0,-1.0,-1.0,-1.0,-1.0,-1.0,-1.0,-1.0,-1.0,-1.0,-1.0,-1.0,-1.0,-1.0,-1.0,-1.0,-1.0,-1.0,-1.0,-1.0,-1.0,-1.0,-1.0,-1.0,-1.0,-1.0,-1.0,-1.0,-1.0,-1.0,-1.0,-1.0,-1.0,-1.037232477759258,-0.7299511184880596,-4.867380809543824
87,0.174,0.40908875787584775,0.28304933875476135,1.9833164505517247,-1.037232477759258,-0.7299511184880596,-6.574320809543824,0.05136623916533847,0.2151,0.0021,0.9826,0.9765,-0.0291,-0.1285,0.1707,0.1331,-0.1252,0.1254,0.977,-0.3688,0.0242,-0.0359,-0.0447,-0.0208,0.7455,-0.2329,0.0173,-1.0714,-0.2742,0.3724,-0.0063,-0.0812,0.0091,-0.0487,0.0017,0.2652,-0.0493,0.0925,-0.31,-0.0785,-0.1736,0.026,0.3899,0.2795,-0.7754,-0.2479,-2.2516,-0.2544,3.5037,1.1994,1.9356,6.7901,-0.6362,-0.489,-2.9062,-0.2502,-4.0182,2.9156,-0.9597,1.4075,-3.3723,-6.9594,1.5062,2.5891,1.2364,-0.8685,-0.0163,0.209,6.1376,-7.4862,-2.1802,-1.7262,-2.6651,-0.623,0.1202,-1.0,-1.0,-1.0,-1.0,-1.0,-1.0,-1.0,-1.0,-1.0,-1.0,-1.0,-1.0,-1.0,-1.0,-1.0,-1.0,-1.0,-1.0,-1.0,-1.0,-1.0,-1.0,-1.0,-1.0,-1.0,-1.0,-1.0,-1.0,-1.0,-1.0,-1.0,-1.0,-1.0,-1.0,-1.0,-1.0,-1.0,-1.0,-1.0,-1.0,-1.0,-1.0,-1.0,-1.0,-1.0,-1.0,-1.0,-1.0,-1.0,-1.0,-1.0,-1.0,-1.0,-1.0,-1.0,-1.0,-1.0,-1.0,-1.0,-1.0,-1.0,-1.0,-1.0,-1.037232477759258,-0.7299511184880596,-4.867380809543824
88,0.176,0.4070142929203293,0.28158943651778523,1.9701481889326373,-1.037232477759258,-0.7299511184880596,-6.593940809543824,0.05136623916533847,0.2159,0.0027,0.981,0.9763,-0.0288,-0.1308,0.1703,0.1403,-0.1224,0.1291,0.9893,-0.3691,0.0232,-0.0419,-0.0455,-0.0298,0.7511,-0.2343,0.0201,-1.0772,-0.2885,0.3754,-0.0011,-0.0785,0.0073,-0.0486,0.0021,0.2774,-0.065,0.0882,-0.3133,-0.0839,-0.1747,0.0262,0.389,0.2998,-0.7948,-0.1336,-2.2177,-0.4846,3.6061,1.3766,1.8375,6.1808,-0.158,-0.5109,-3.0131,-0.3909,-4.4792,2.8425,-0.7056,1.376,-2.9437,-7.1662,1.5362,2.5675,1.3376,-0.9004,0.0127,0.2037,6.1058,-7.8687,-2.1168,-1.6613,-2.7139,-0.5698,0.0956,-1.0,-1.0,-1.0,-1.0,-1.0,-1.0,-1.0,-1.0,-1.0,-1.0,-1.0,-1.0,-1.0,-1.0,-1.0,-1.0,-1.0,-1.0,-1.0,-1.0,-1.0,-1.0,-1.0,-1.0,-1.0,-1.0,-1.0,-1.0,-1.0,-1.0,-1.0,-1.0,-1.0,-1.0,-1.0,-1.0,-1.0,-1.0,-1.0,-1.0,-1.0,-1.0,-1.0,-1.0,-1.0,-1.0,-1.0,-1.0,-1.0,-1.0,-1.0,-1.0,-1.0,-1.0,-1.0,-1.0,-1.0,-1.0,-1.0,-1.0,-1.0,-1.0,-1.0,-1.037232477759258,-0.7299511184880596,-4.867380809543824
89,0.178,0.40493982796481076,0.2801295342808091,1.9569406873135498,-1.037232477759258,-0.7299511184880596,-6.613560809543824,0.05136623916533847,0.2167,0.0033,0.9794,0.9761,-0.0284,-0.1329,0.1698,0.1477,-0.1194,0.1326,1.0004,-0.3688,0.0221,-0.0483,-0.0459,-0.0396,0.7555,-0.235,0.0227,-1.0828,-0.3033,0.3786,0.0039,-0.0758,0.0055,-0.0486,0.0024,0.2895,-0.0814,0.0845,-0.3166,-0.0893,-0.1757,0.0263,0.3954,0.3225,-0.8093,-0.0242,-2.2186,-0.4997,3.6882,1.5322,1.7409,5.5494,0.1826,-0.551,-3.201,-0.2119,-4.8805,2.187,-0.378,1.3,-2.7998,-7.3702,1.5576,2.5067,1.3438,-0.8983,0.0313,0.1932,6.0731,-8.2149,-1.8692,-1.6258,-2.6637,-0.4963,0.0915,-1.0,-1.0,-1.0,-1.0,-1.0,-1.0,-1.0,-1.0,-1.0,-1.0,-1.0,-1.0,-1.0,-1.0,-1.0,-1.0,-1.0,-1.0,-1.0,-1.0,-1.0,-1.0,-1.0,-1.0,-1.0,-1.0,-1.0,-1.0,-1.0,-1.0,-1.0,-1.0,-1.0,-1.0,-1.0,-1.0,-1.0,-1.0,-1.0,-1.0,-1.0,-1.0,-1.0,-1.0,-1.0,-1.0,-1.0,-1.0,-1.0,-1.0,-1.0,-1.0,-1.0,-1.0,-1.0,-1.0,-1.0,-1.0,-1.0,-1.0,-1.0,-1.0,-1.0,-1.037232477759258,-0.7299511184880596,-4.867380809543824
90,0.18,0.40286536300929227,0.278669632043833,1.943693945694462,-1.037232477759258,-0.7299511184880596,-6.633180809543823,0.05136623916533847,0.2175,0.004,0.9777,0.9758,-0.0279,-0.1351,0.1694,0.1553,-0.1163,0.1355,1.0104,-0.3696,0.0204,-0.055,-0.046,-0.0502,0.7587,-0.2352,0.0251,-1.0882,-0.3184,0.3817,0.0088,-0.0731,0.0037,-0.0485,0.0028,0.3016,-0.0985,0.0812,-0.3198,-0.0945,-0.1766,0.0265,0.3957,0.349,-0.8177,0.1204,-2.212,-0.492,3.8169,1.5442,1.4329,4.9838,-0.392,-0.8375,-3.3704,-0.0537,-5.3369,1.5754,-0.0708,1.2336,-2.6805,-7.5524,1.5975,2.4646,1.3416,-0.8965,0.0481,0.1836,6.0432,-8.5319,-1.6263,-1.5988,-2.6192,-0.4297,0.0851,-1.0,-1.0,-1.0,-1.0,-1.0,-1.0,-1.0,-1.0,-1.0,-1.0,-1.0,-1.0,-1.0,-1.0,-1.0,-1.0,-1.0,-1.0,-1.0,-1.0,-1.0,-1.0,-1.0,-1.0,-1.0,-1.0,-1.0,-1.0,-1.0,-1.0,-1.0,-1.0,-1.0,-1.0,-1.0,-1.0,-1.0,-1.0,-1.0,-1.0,-1.0,-1.0,-1.0,-1.0,-1.0,-1.0,-1.0,-1.0,-1.0,-1.0,-1.0,-1.0,-1.0,-1.0,-1.0,-1.0,-1.0,-1.0,-1.0,-1.0,-1.0,-1.0,-1.0,-1.037232477759258,-0.7299511184880596,-4.867380809543824
91,0.182,0.40079089805377377,0.2772097298068569,1.9304079640753742,-1.037232477759258,-0.7299511184880596,-6.652800809543824,0.05136623916533847,0.2183,0.0047,0.9761,0.9756,-0.0271,-0.1372,0.169,0.1633,-0.1131,0.1378,1.0194,-0.3713,0.0182,-0.062,-0.0459,-0.0618,0.7607,-0.2347,0.0275,-1.0933,-0.3338,0.3851,0.0137,-0.0705,0.002,-0.0484,0.0032,0.3137,-0.1162,0.0785,-0.3229,-0.0997,-0.1773,0.0267,0.3956,0.3742,-0.8267,0.2694,-2.2016,-0.5018,3.971,1.5596,1.1488,4.5051,-0.8761,-1.0869,-3.4982,0.0791,-5.8007,1.0214,0.2165,1.1756,-2.5436,-7.7095,1.6589,2.4354,1.327,-0.895,0.0636,0.1748,6.0162,-8.8242,-1.3843,-1.584,-2.5794,-0.3693,0.0766,-1.0,-1.0,-1.0,-1.0,-1.0,-1.0,-1.0,-1.0,-1.0,-1.0,-1.0,-1.0,-1.0,-1.0,-1.0,-1.0,-1.0,-1.0,-1.0,-1.0,-1.0,-1.0,-1.0,-1.0,-1.0,-1.0,-1.0,-1.0,-1.0,-1.0,-1.0,-1.0,-1.0,-1.0,-1.0,-1.0,-1.0,-1.0,-1.0,-1.0,-1.0,-1.0,-1.0,-1.0,-1.0,-1.0,-1.0,-1.0,-1.0,-1.0,-1.0,-1.0,-1.0,-1.0,-1.0,-1.0,-1.0,-1.0,-1.0,-1.0,-1.0,-1.0,-1.0,-1.037232477759258,-0.7299511184880596,-4.867380809543824
92,0.184,0.3987164330982552,0.27574982756988076,1.9170827424562866,-1.037232477759258,-0.7299511184880596,-6.672420809543824,0.05136623916533847,0.2191,0.0055,0.9744,0.9754,-0.0263,-0.1393,0.1686,0.1716,-0.11,0.1395,1.0276,-0.3739,0.0156,-0.0692,-0.0455,-0.0744,0.7617,-0.2338,0.0297,-1.0981,-0.3495,0.3885,0.0185,-0.0679,0.0002,-0.0482,0.0035,0.3257,-0.1343,0.0762,-0.3261,-0.1048,-0.178,0.0268,0.3953,0.3981,-0.8359,0.4222,-2.1875,-0.5247,4.1514,1.582,0.8941,4.0907,-1.2692,-1.2995,-3.5791,0.1965,-6.268,0.5115,0.4845,1.1257,-2.3913,-7.841,1.7395,2.4151,1.3055,-0.8938,0.0782,0.1666,5.994,-9.0913,-1.1457,-1.5801,-2.5437,-0.3142,0.0662,-1.0,-1.0,-1.0,-1.0,-1.0,-1.0,-1.0,-1.0,-1.0,-1.0,-1.0,-1.0,-1.0,-1.0,-1.0,-1.0,-1.0,-1.0,-1.0,-1.0,-1.0,-1.0,-1.0,-1.0,-1.0,-1.0,-1.0,-1.0,-1.0,-1.0,-1.0,-1.0,-1.0,-1.0,-1.0,-1.0,-1.0,-1.0,-1.0,-1.0,-1.0,-1.0,-1.0,-1.0,-1.0,-1.0,-1.0,-1.0,-1.0,-1.0,-1.0,-1.0,-1.0,-1.0,-1.0,-1.0,-1.0,-1.0,-1.0,-1.0,-1.0,-1.0,-1.0,-1.037232477759258,-0.7299511184880596,-4.867380809543824
93,0.186,0.3966419681427367,0.27428992533290464,1.9037182808371989,-1.037232477759258,-0.7299511184880596,-6.692040809543824,0.05136623916533847,0.2199,0.0064,0.9728,0.9752,-0.0254,-0.1413,0.1683,0.1801,-0.1068,0.1411,1.035,-0.3769,0.0127,-0.076,-0.0449,-0.0865,0.7639,-0.2375,0.0335,-1.1027,-0.3653,0.3922,0.0234,-0.0652,-0.0016,-0.048,0.0038,0.3376,-0.153,0.0744,-0.3291,-0.1098,-0.1785,0.0269,0.3957,0.4047,-0.8187,0.4853,-2.1804,-0.4856,4.2909,1.6026,0.8031,3.688,-1.5442,-1.488,-3.4002,0.2632,-6.0802,1.1052,-1.8831,1.8932,-2.3184,-7.8971,1.8098,2.4241,1.3228,-0.8906,0.0927,0.1593,5.9767,-9.3277,-0.9018,-1.493,-2.5059,-0.2605,0.0545,-1.0,-1.0,-1.0,-1.0,-1.0,-1.0,-1.0,-1.0,-1.0,-1.0,-1.0,-1.0,-1.0,-1.0,-1.0,-1.0,-1.0,-1.0,-1.0,-1.0,-1.0,-1.0,-1.0,-1.0,-1.0,-1.0,-1.0,-1.0,-1.0,-1.0,-1.0,-1.0,-1.0,-1.0,-1.0,-1.0,-1.0,-1.0,-1.0,-1.0,-1.0,-1.0,-1.0,-1.0,-1.0,-1.0,-1.0,-1.0,-1.0,-1.0,-1.0,-1.0,-1.0,-1.0,-1.0,-1.0,-1.0,-1.0,-1.0,-1.0,-1.0,-1.0,-1.0,-1.037232477759258,-0.7299511184880596,-4.867380809543824
94,0.188,0.3945675031872182,0.2728300230959285,1.8903145792181115,-1.037232477759258,-0.7299511184880596,-6.711660809543824,0.05136623916533847,0.2206,0.0072,0.9712,0.975,-0.0244,-0.1434,0.168,0.1888,-0.1035,0.1425,1.0416,-0.3805,0.0094,-0.0826,-0.0444,-0.0985,0.7671,-0.245,0.0386,-1.1073,-0.3811,0.396,0.0283,-0.0627,-0.0034,-0.0478,0.0041,0.3496,-0.1721,0.0731,-0.3317,-0.1146,-0.1789,0.027,0.3934,0.4135,-0.805,0.5682,-2.1562,-0.4229,4.3273,1.6462,0.6786,3.303,-1.7856,-1.6365,-3.3275,0.263,-6.0074,1.5739,-3.747,2.5176,-2.311,-7.9412,1.8952,2.4875,1.2785,-0.8759,0.1003,0.1518,5.9864,-9.5648,-0.6423,-1.3288,-2.4315,-0.2008,0.0453,-1.0,-1.0,-1.0,-1.0,-1.0,-1.0,-1.0,-1.0,-1.0,-1.0,-1.0,-1.0,-1.0,-1.0,-1.0,-1.0,-1.0,-1.0,-1.0,-1.0,-1.0,-1.0,-1.0,-1.0,-1.0,-1.0,-1.0,-1.0,-1.0,-1.0,-1.0,-1.0,-1.0,-1.0,-1.0,-1.0,-1.0,-1.0,-1.0,-1.0,-1.0,-1.0,-1.0,-1.0,-1.0,-1.0,-1.0,-1.0,-1.0,-1.0,-1.0,-1.0,-1.0,-1.0,-1.0,-1.0,-1.0,-1.0,-1.0,-1.0,-1.0,-1.0,-1.0,-1.037232477759258,-0.7299511184880596,-4.867380809543824
95,0.19,0.3924930382316997,0.2713701208589524,1.8768716375990238,-1.037232477759258,-0.7299511184880596,-6.731280809543824,0.05136623916533847,0.2214,0.0081,0.9695,0.9748,-0.0233,-0.1453,0.1678,0.1977,-0.1001,0.1434,1.0475,-0.3848,0.0064,-0.0895,-0.0438,-0.1115,0.7695,-0.2515,0.0434,-1.1119,-0.3971,0.4,0.0335,-0.0603,-0.0051,-0.0476,0.0044,0.3616,-0.1917,0.0723,-0.3342,-0.1193,-0.1792,0.0271,0.3909,0.4345,-0.8133,0.7347,-2.1278,-0.4045,4.4498,1.681,0.448,2.9588,-2.1593,-1.515,-3.4305,0.3001,-6.4995,1.2009,-3.2381,2.4203,-2.2623,-7.9863,2.0274,2.5792,1.1802,-0.8609,0.1039,0.1451,6.0026,-9.7881,-0.3999,-1.2324,-2.3571,-0.1486,0.0356,-1.0,-1.0,-1.0,-1.0,-1.0,-1.0,-1.0,-1.0,-1.0,-1.0,-1.0,-1.0,-1.0,-1.0,-1.0,-1.0,-1.0,-1.0,-1.0,-1.0,-1.0,-1.0,-1.0,-1.0,-1.0,-1.0,-1.0,-1.0,-1.0,-1.0,-1.0,-1.0,-1.0,-1.0,-1.0,-1.0,-1.0,-1.0,-1.0,-1.0,-1.0,-1.0,-1.0,-1.0,-1.0,-1.0,-1.0,-1.0,-1.0,-1.0,-1.0,-1.0,-1.0,-1.0,-1.0,-1.0,-1.0,-1.0,-1.0,-1.0,-1.0,-1.0,-1.0,-1.037232477759258,-0.7299511184880596,-4.867380809543824
96,0.192,0.3904185732761811,0.2699102186219763,1.8633894559799362,-1.037232477759258,-0.7299511184880596,-6.750900809543824,0.05136623916533847,0.2222,0.009,0.9679,0.9746,-0.022,-0.1472,0.1676,0.2068,-0.0967,0.1439,1.0528,-0.3898,0.0036,-0.0965,-0.0431,-0.1255,0.7713,-0.257,0.0481,-1.1163,-0.4131,0.4044,0.0389,-0.0582,-0.0068,-0.0474,0.0047,0.3736,-0.2117,0.0719,-0.3365,-0.1239,-0.1794,0.0271,0.3893,0.4542,-0.8223,0.901,-2.1055,-0.3765,4.5782,1.7289,0.2383,2.6483,-2.4783,-1.3903,-3.4855,0.3422,-6.9785,0.8993,-2.7574,2.3348,-2.2308,-8.0062,2.1771,2.6972,1.0778,-0.8451,0.1061,0.1389,6.0232,-9.9898,-0.1663,-1.1338,-2.2825,-0.0999,0.0255,-1.0,-1.0,-1.0,-1.0,-1.0,-1.0,-1.0,-1.0,-1.0,-1.0,-1.0,-1.0,-1.0,-1.0,-1.0,-1.0,-1.0,-1.0,-1.0,-1.0,-1.0,-1.0,-1.0,-1.0,-1.0,-1.0,-1.0,-1.0,-1.0,-1.0,-1.0,-1.0,-1.0,-1.0,-1.0,-1.0,-1.0,-1.0,-1.0,-1.0,-1.0,-1.0,-1.0,-1.0,-1.0,-1.0,-1.0,-1.0,-1.0,-1.0,-1.0,-1.0,-1.0,-1.0,-1.0,-1.0,-1.0,-1.0,-1.0,-1.0,-1.0,-1.0,-1.0,-1.037232477759258,-0.7299511184880596,-4.867380809543824
97,0.194,0.38834410832066263,0.26845031638500017,1.8498680343608485,-1.037232477759258,-0.7299511184880596,-6.770520809543823,0.05136623916533847,0.223,0.0099,0.9662,0.9743,-0.0206,-0.1491,0.1675,0.2162,-0.0931,0.144,1.0575,-0.3953,0.0011,-0.1035,-0.0423,-0.1404,0.7725,-0.2616,0.0526,-1.1208,-0.4291,0.409,0.0446,-0.0562,-0.0084,-0.0472,0.005,0.3857,-0.232,0.0721,-0.3385,-0.1283,-0.1795,0.0272,0.3883,0.4733,-0.8313,1.0676,-2.0878,-0.3376,4.6906,1.8022,0.0397,2.3497,-2.7612,-1.2602,-3.5087,0.3964,-7.448,0.6087,-2.2982,2.2589,-2.2205,-8.0047,2.3355,2.8389,0.9687,-0.8279,0.1063,0.1333,6.0463,-10.1715,0.0587,-1.0289,-2.2051,-0.0554,0.0144,-1.0,-1.0,-1.0,-1.0,-1.0,-1.0,-1.0,-1.0,-1.0,-1.0,-1.0,-1.0,-1.0,-1.0,-1.0,-1.0,-1.0,-1.0,-1.0,-1.0,-1.0,-1.0,-1.0,-1.0,-1.0,-1.0,-1.0,-1.0,-1.0,-1.0,-1.0,-1.0,-1.0,-1.0,-1.0,-1.0,-1.0,-1.0,-1.0,-1.0,-1.0,-1.0,-1.0,-1.0,-1.0,-1.0,-1.0,-1.0,-1.0,-1.0,-1.0,-1.0,-1.0,-1.0,-1.0,-1.0,-1.0,-1.0,-1.0,-1.0,-1.0,-1.0,-1.0,-1.037232477759258,-0.7299511184880596,-4.867380809543824
98,0.196,0.38626964336514413,0.26699041414802405,1.8363073727417607,-1.037232477759258,-0.7299511184880596,-6.790140809543824,0.05136623916533847,0.2238,0.0109,0.9645,0.9741,-0.019,-0.1509,0.1674,0.2258,-0.0892,0.1437,1.0615,-0.4014,-0.0012,-0.1104,-0.0411,-0.1561,0.7727,-0.2653,0.0572,-1.1251,-0.4452,0.4139,0.0506,-0.0545,-0.01,-0.047,0.0052,0.3979,-0.2527,0.0725,-0.3403,-0.1325,-0.1795,0.0272,0.392,0.4918,-0.8372,1.2197,-2.0916,-0.2952,4.7629,1.9496,-0.1333,2.0263,-3.0303,-1.1165,-3.4307,0.6013,-7.8539,0.079,-1.8498,2.3108,-2.1847,-8.0128,2.4352,2.9993,0.8843,-0.8049,0.1055,0.1281,6.1084,-10.3253,0.2352,-0.8671,-2.1129,-0.0132,0.0001,-1.0,-1.0,-1.0,-1.0,-1.0,-1.0,-1.0,-1.0,-1.0,-1.0,-1.0,-1.0,-1.0,-1.0,-1.0,-1.0,-1.0,-1.0,-1.0,-1.0,-1.0,-1.0,-1.0,-1.0,-1.0,-1.0,-1.0,-1.0,-1.0,-1.0,-1.0,-1.0,-1.0,-1.0,-1.0,-1.0,-1.0,-1.0,-1.0,-1.0,-1.0,-1.0,-1.0,-1.0,-1.0,-1.0,-1.0,-1.0,-1.0,-1.0,-1.0,-1.0,-1.0,-1.0,-1.0,-1.0,-1.0,-1.0,-1.0,-1.0,-1.0,-1.0,-1.0,-1.037232477759258,-0.7299511184880596,-4.867380809543824
99,0.198,0.3841951784096256,0.26553051191104793,1.822707471122673,-1.037232477759258,-0.7299511184880596,-6.809760809543824,0.05136623916533847,0.2246,0.0119,0.9629,0.9738,-0.0172,-0.1527,0.1674,0.2354,-0.085,0.1431,1.0649,-0.4079,-0.0031,-0.1171,-0.0396,-0.1726,0.7719,-0.2682,0.0619,-1.1295,-0.4611,0.419,0.0569,-0.0529,-0.0116,-0.0468,0.0055,0.4103,-0.2736,0.0733,-0.3417,-0.1366,-0.1795,0.0271,0.3948,0.5091,-0.8436,1.372,-2.0921,-0.2335,4.8054,2.1055,-0.3023,1.7112,-3.2783,-0.9687,-3.3558,0.7838,-8.25,-0.3968,-1.4208,2.3562,-2.1898,-7.997,2.5564,3.1622,0.7902,-0.7813,0.103,0.1232,6.1675,-10.4563,0.3976,-0.7092,-2.0197,0.0251,-0.0146,-1.0,-1.0,-1.0,-1.0,-1.0,-1.0,-1.0,-1.0,-1.0,-1.0,-1.0,-1.0,-1.0,-1.0,-1.0,-1.0,-1.0,-1.0,-1.0,-1.0,-1.0,-1.0,-1.0,-1.0,-1.0,-1.0,-1.0,-1.0,-1.0,-1.0,-1.0,-1.0,-1.0,-1.0,-1.0,-1.0,-1.0,-1.0,-1.0,-1.0,-1.0,-1.0,-1.0,-1.0,-1.0,-1.0,-1.0,-1.0,-1.0,-1.0,-1.0,-1.0,-1.0,-1.0,-1.0,-1.0,-1.0,-1.0,-1.0,-1.0,-1.0,-1.0,-1.0,-1.037232477759258,-0.7299511184880596,-4.867380809543824
100,0.2,0.3821207134541071,0.2640706096740718,1.8090683295035852,-1.037232477759258,-0.7299511184880596,-6.829380809543824,0.05136623916533847,0.2254,0.013,0.9612,0.9736,-0.0154,-0.1545,0.1675,0.245,-0.0804,0.1421,1.0677,-0.415,-0.0047,-0.1237,-0.0377,-0.1899,0.7702,-0.2702,0.0667,-1.134,-0.4771,0.4244,0.0636,-0.0515,-0.0131,-0.0466,0.0057,0.4227,-0.2947,0.0744,-0.3428,-0.1404,-0.1794,0.0271,0.3964,0.5255,-0.8506,1.5247,-2.0882,-0.1485,4.8141,2.2677,-0.4694,1.4009,-3.5118,-0.8177,-3.2921,0.9414,-8.6371,-0.8191,-1.0101,2.3953,-2.2429,-7.9561,2.7015,3.3293,0.6874,-0.7571,0.0991,0.1186,6.222,-10.5662,0.5488,-0.5606,-1.9258,0.06,-0.0299,-1.0,-1.0,-1.0,-1.0,-1.0,-1.0,-1.0,-1.0,-1.0,-1.0,-1.0,-1.0,-1.0,-1.0,-1.0,-1.0,-1.0,-1.0,-1.0,-1.0,-1.0,-1.0,-1.0,-1.0,-1.0,-1.0,-1.0,-1.0,-1.0,-1.0,-1.0,-1.0,-1.0,-1.0,-1.0,-1.0,-1.0,-1.0,-1.0,-1.0,-1.0,-1.0,-1.0,-1.0,-1.0,-1.0,-1.0,-1.0,-1.0,-1.0,-1.0,-1.0,-1.0,-1.0,-1.0,-1.0,-1.0,-1.0,-1.0,-1.0,-1.0,-1.0,-1.0,-1.037232477759258,-0.7299511184880596,-4.867380809543824
101,0.202,0.3800462484985886,0.2626107074370957,1.7953899478844977,-1.037232477759258,-0.7299511184880596,-6.849000809543824,0.05136623916533847,0.2261,0.014,0.9594,0.9733,-0.0134,-0.1563,0.1678,0.2546,-0.0755,0.1409,1.0699,-0.4224,-0.0061,-0.1301,-0.0355,-0.2079,0.7679,-0.2714,0.0715,-1.1387,-0.4928,0.4302,0.0706,-0.0503,-0.0146,-0.0464,0.0059,0.4353,-0.316,0.0758,-0.3437,-0.1441,-0.1792,0.027,0.3968,0.5408,-0.8581,1.6778,-2.0796,-0.0394,4.788,2.4354,-0.6362,1.092,-3.7364,-0.6642,-3.2437,1.0739,-9.0159,-1.1915,-0.6168,2.4188,-2.3457,-7.8905,2.8713,3.5011,0.5773,-0.7325,0.094,0.1142,6.271,-10.6568,0.6916,-0.4246,-1.8314,0.0916,-0.0455,-1.0,-1.0,-1.0,-1.0,-1.0,-1.0,-1.0,-1.0,-1.0,-1.0,-1.0,-1.0,-1.0,-1.0,-1.0,-1.0,-1.0,-1.0,-1.0,-1.0,-1.0,-1.0,-1.0,-1.0,-1.0,-1.0,-1.0,-1.0,-1.0,-1.0,-1.0,-1.0,-1.0,-1.0,-1.0,-1.0,-1.0,-1.0,-1.0,-1.0,-1.0,-1.0,-1.0,-1.0,-1.0,-1.0,-1.0,-1.0,-1.0,-1.0,-1.0,-1.0,-1.0,-1.0,-1.0,-1.0,-1.0,-1.0,-1.0,-1.0,-1.0,-1.0,-1.0,-1.037232477759258,-0.7299511184880596,-4.867380809543824
102,0.204,0.37797178354307004,0.2611508052001196,1.78167232626541,-1.037232477759258,-0.7299511184880596,-6.868620809543824,0.05136623916533847,0.2269,0.0151,0.9577,0.9729,-0.0113,-0.158,0.1682,0.2639,-0.0703,0.1393,1.0715,-0.4304,-0.0071,-0.1366,-0.0332,-0.2266,0.7648,-0.2719,0.0763,-1.1437,-0.5085,0.4362,0.0779,-0.0495,-0.016,-0.0462,0.0061,0.4479,-0.3374,0.0774,-0.3441,-0.1475,-0.1789,0.0269,0.3962,0.5535,-0.8653,1.8128,-2.0609,0.1138,4.69,2.5994,-0.7855,0.7842,-3.9672,-0.5135,-3.2076,1.1883,-9.3289,-1.5354,-0.2376,2.3554,-2.5176,-7.8348,3.0076,3.6824,0.4374,-0.703,0.088,0.1072,6.2972,-10.7037,0.7745,-0.2085,-1.7262,0.1297,-0.0611,-1.0,-1.0,-1.0,-1.0,-1.0,-1.0,-1.0,-1.0,-1.0,-1.0,-1.0,-1.0,-1.0,-1.0,-1.0,-1.0,-1.0,-1.0,-1.0,-1.0,-1.0,-1.0,-1.0,-1.0,-1.0,-1.0,-1.0,-1.0,-1.0,-1.0,-1.0,-1.0,-1.0,-1.0,-1.0,-1.0,-1.0,-1.0,-1.0,-1.0,-1.0,-1.0,-1.0,-1.0,-1.0,-1.0,-1.0,-1.0,-1.0,-1.0,-1.0,-1.0,-1.0,-1.0,-1.0,-1.0,-1.0,-1.0,-1.0,-1.0,-1.0,-1.0,-1.0,-1.037232477759258,-0.7299511184880596,-4.867380809543824
103,0.206,0.37589731858755154,0.25969090296314346,1.7679154646463224,-1.037232477759258,-0.7299511184880596,-6.888240809543824,0.05136623916533847,0.2277,0.0163,0.956,0.9726,-0.0091,-0.1596,0.1688,0.2731,-0.0648,0.1374,1.0724,-0.4388,-0.0078,-0.1429,-0.0305,-0.2458,0.7611,-0.2716,0.0808,-1.1492,-0.5241,0.4425,0.0857,-0.0489,-0.0173,-0.046,0.0063,0.4605,-0.3589,0.079,-0.344,-0.1508,-0.1786,0.0267,0.3953,0.565,-0.8725,1.9426,-2.0413,0.286,4.5622,2.7739,-0.9275,0.4702,-4.1987,-0.3623,-3.1571,1.3124,-9.6137,-1.8553,0.124,2.2911,-2.7188,-7.775,3.1441,3.871,0.2945,-0.673,0.081,0.1003,6.3234,-10.7275,0.8396,0.0308,-1.6213,0.1666,-0.0764,-1.0,-1.0,-1.0,-1.0,-1.0,-1.0,-1.0,-1.0,-1.0,-1.0,-1.0,-1.0,-1.0,-1.0,-1.0,-1.0,-1.0,-1.0,-1.0,-1.0,-1.0,-1.0,-1.0,-1.0,-1.0,-1.0,-1.0,-1.0,-1.0,-1.0,-1.0,-1.0,-1.0,-1.0,-1.0,-1.0,-1.0,-1.0,-1.0,-1.0,-1.0,-1.0,-1.0,-1.0,-1.0,-1.0,-1.0,-1.0,-1.0,-1.0,-1.0,-1.0,-1.0,-1.0,-1.0,-1.0,-1.0,-1.0,-1.0,-1.0,-1.0,-1.0,-1.0,-1.037232477759258,-0.7299511184880596,-4.867380809543824
104,0.208,0.37382285363203305,0.25823100072616734,1.7541193630272347,-1.037232477759258,-0.7299511184880596,-6.907860809543823,0.05136623916533847,0.2285,0.0174,0.9542,0.9722,-0.0068,-0.1612,0.1696,0.2819,-0.0589,0.1353,1.0727,-0.4476,-0.0082,-0.1491,-0.0276,-0.2655,0.7568,-0.2707,0.0853,-1.1551,-0.5395,0.449,0.0938,-0.0486,-0.0186,-0.0459,0.0065,0.4732,-0.3804,0.0808,-0.3434,-0.1538,-0.1782,0.0265,0.3942,0.5753,-0.8795,2.0673,-2.021,0.4801,4.4022,2.9586,-1.063,0.1474,-4.4338,-0.2111,-3.0958,1.4508,-9.8702,-2.1511,0.4687,2.226,-2.9538,-7.7105,3.2816,4.0679,0.1489,-0.6427,0.0732,0.0936,6.3498,-10.7295,0.8893,0.2936,-1.5165,0.2026,-0.0916,-1.0,-1.0,-1.0,-1.0,-1.0,-1.0,-1.0,-1.0,-1.0,-1.0,-1.0,-1.0,-1.0,-1.0,-1.0,-1.0,-1.0,-1.0,-1.0,-1.0,-1.0,-1.0,-1.0,-1.0,-1.0,-1.0,-1.0,-1.0,-1.0,-1.0,-1.0,-1.0,-1.0,-1.0,-1.0,-1.0,-1.0,-1.0,-1.0,-1.0,-1.0,-1.0,-1.0,-1.0,-1.0,-1.0,-1.0,-1.0,-1.0,-1.0,-1.0,-1.0,-1.0,-1.0,-1.0,-1.0,-1.0,-1.0,-1.0,-1.0,-1.0,-1.0,-1.0,-1.037232477759258,-0.7299511184880596,-4.867380809543824
105,0.21,0.3717483886765145,0.2567710984891912,1.7402840214081472,-1.037232477759258,-0.7299511184880596,-6.927480809543823,0.05136623916533847,0.2293,0.0186,0.9524,0.9718,-0.0045,-0.1628,0.1707,0.2903,-0.0526,0.1329,1.0724,-0.457,-0.0084,-0.1551,-0.0244,-0.2857,0.7519,-0.2691,0.0896,-1.1615,-0.5548,0.4559,0.1023,-0.0486,-0.0198,-0.0458,0.0067,0.486,-0.4018,0.0827,-0.3423,-0.1566,-0.1777,0.0263,0.3928,0.5843,-0.8863,2.1868,-2.0005,0.6988,4.2083,3.1535,-1.1924,-0.1863,-4.675,-0.0601,-3.0267,1.6086,-10.0985,-2.4231,0.7967,2.1603,-3.2263,-7.6414,3.4204,4.274,0.001,-0.6122,0.0648,0.087,6.3766,-10.711,0.9252,0.5804,-1.412,0.2382,-0.1067,-1.0,-1.0,-1.0,-1.0,-1.0,-1.0,-1.0,-1.0,-1.0,-1.0,-1.0,-1.0,-1.0,-1.0,-1.0,-1.0,-1.0,-1.0,-1.0,-1.0,-1.0,-1.0,-1.0,-1.0,-1.0,-1.0,-1.0,-1.0,-1.0,-1.0,-1.0,-1.0,-1.0,-1.0,-1.0,-1.0,-1.0,-1.0,-1.0,-1.0,-1.0,-1.0,-1.0,-1.0,-1.0,-1.0,-1.0,-1.0,-1.0,-1.0,-1.0,-1.0,-1.0,-1.0,-1.0,-1.0,-1.0,-1.0,-1.0,-1.0,-1.0,-1.0,-1.0,-1.037232477759258,-0.7299511184880596,-4.867380809543824
106,0.212,0.369673923720996,0.2553111962522151,1.7264094397890595,-1.037232477759258,-0.7299511184880596,-6.947100809543824,0.05136623916533847,0.2301,0.0198,0.9506,0.9714,-0.002,-0.1643,0.1717,0.2987,-0.0458,0.1303,1.0712,-0.4668,-0.0082,-0.1609,-0.0214,-0.3063,0.7466,-0.267,0.0938,-1.1677,-0.5699,0.4629,0.1108,-0.0487,-0.021,-0.0456,0.0069,0.4985,-0.423,0.0846,-0.3405,-0.1592,-0.1771,0.0261,0.3835,0.5906,-0.8917,2.2818,-1.9416,0.6171,4.2108,3.3941,-1.3286,-0.6048,-4.9344,0.0645,-2.907,1.4912,-10.2932,-2.6484,1.0636,2.0962,-3.1144,-7.5816,3.4948,4.2376,-0.0813,-0.5723,0.0591,0.0782,6.2812,-10.5926,0.9713,0.8784,-1.2854,0.2799,-0.1083,-1.0,-1.0,-1.0,-1.0,-1.0,-1.0,-1.0,-1.0,-1.0,-1.0,-1.0,-1.0,-1.0,-1.0,-1.0,-1.0,-1.0,-1.0,-1.0,-1.0,-1.0,-1.0,-1.0,-1.0,-1.0,-1.0,-1.0,-1.0,-1.0,-1.0,-1.0,-1.0,-1.0,-1.0,-1.0,-1.0,-1.0,-1.0,-1.0,-1.0,-1.0,-1.0,-1.0,-1.0,-1.0,-1.0,-1.0,-1.0,-1.0,-1.0,-1.0,-1.0,-1.0,-1.0,-1.0,-1.0,-1.0,-1.0,-1.0,-1.0,-1.0,-1.0,-1.0,-1.037232477759258,-0.7299511184880596,-4.867380809543824
107,0.214,0.3675994587654775,0.253851294015239,1.7124956181699718,-1.037232477759258,-0.7299511184880596,-6.9667208095438244,0.05136623916533847,0.2308,0.021,0.9489,0.971,0.0005,-0.1657,0.1726,0.3071,-0.0385,0.1274,1.0691,-0.4772,-0.0079,-0.1665,-0.0186,-0.3272,0.7409,-0.2644,0.0979,-1.1738,-0.585,0.47,0.1192,-0.0491,-0.0221,-0.0455,0.007,0.5109,-0.4439,0.0866,-0.3381,-0.1615,-0.1765,0.0259,0.3744,0.5956,-0.8966,2.3687,-1.8838,0.5532,4.1757,3.6483,-1.4581,-1.038,-5.1982,0.1849,-2.7669,1.3982,-10.4514,-2.8674,1.3156,2.032,-3.0231,-7.5272,3.5511,4.2063,-0.1656,-0.5335,0.0529,0.069,6.1827,-10.4462,1.0031,1.1951,-1.1636,0.3211,-0.1106,-1.0,-1.0,-1.0,-1.0,-1.0,-1.0,-1.0,-1.0,-1.0,-1.0,-1.0,-1.0,-1.0,-1.0,-1.0,-1.0,-1.0,-1.0,-1.0,-1.0,-1.0,-1.0,-1.0,-1.0,-1.0,-1.0,-1.0,-1.0,-1.0,-1.0,-1.0,-1.0,-1.0,-1.0,-1.0,-1.0,-1.0,-1.0,-1.0,-1.0,-1.0,-1.0,-1.0,-1.0,-1.0,-1.0,-1.0,-1.0,-1.0,-1.0,-1.0,-1.0,-1.0,-1.0,-1.0,-1.0,-1.0,-1.0,-1.0,-1.0,-1.0,-1.0,-1.0,-1.037232477759258,-0.7299511184880596,-4.867380809543824
108,0.216,0.36552499380995895,0.25239139177826286,1.6985425565508843,-1.037232477759258,-0.7299511184880596,-6.986340809543824,0.05136623916533847,0.2316,0.0222,0.9471,0.9706,0.0031,-0.1671,0.1735,0.3153,-0.0307,0.1242,1.0661,-0.4882,-0.0073,-0.1717,-0.016,-0.3484,0.7347,-0.2613,0.1018,-1.1797,-0.5999,0.4771,0.1276,-0.0496,-0.023,-0.0454,0.0071,0.523,-0.4644,0.0887,-0.335,-0.1636,-0.1758,0.0256,0.3658,0.5992,-0.9005,2.4469,-1.8284,0.5089,4.0981,3.9149,-1.579,-1.479,-5.4787,0.3066,-2.6039,1.3397,-10.5696,-3.0825,1.5527,1.9679,-2.9554,-7.4769,3.5897,4.1798,-0.2475,-0.4955,0.0466,0.0597,6.0801,-10.2741,1.0238,1.5335,-1.0462,0.3621,-0.1135,-1.0,-1.0,-1.0,-1.0,-1.0,-1.0,-1.0,-1.0,-1.0,-1.0,-1.0,-1.0,-1.0,-1.0,-1.0,-1.0,-1.0,-1.0,-1.0,-1.0,-1.0,-1.0,-1.0,-1.0,-1.0,-1.0,-1.0,-1.0,-1.0,-1.0,-1.0,-1.0,-1.0,-1.0,-1.0,-1.0,-1.0,-1.0,-1.0,-1.0,-1.0,-1.0,-1.0,-1.0,-1.0,-1.0,-1.0,-1.0,-1.0,-1.0,-1.0,-1.0,-1.0,-1.0,-1.0,-1.0,-1.0,-1.0,-1.0,-1.0,-1.0,-1.0,-1.0,-1.037232477759258,-0.7299511184880596,-4.867380809543824
109,0.218,0.36345052885444046,0.25093148954128675,1.6845502549317968,-1.037232477759258,-0.7299511184880596,-7.005960809543824,0.05136623916533847,0.2323,0.0234,0.9452,0.9702,0.0058,-0.1684,0.1744,0.3232,-0.0223,0.1208,1.0622,-0.4997,-0.0064,-0.1765,-0.0133,-0.3696,0.7281,-0.2577,0.1056,-1.1855,-0.6148,0.4844,0.1359,-0.0502,-0.024,-0.0454,0.0072,0.535,-0.4846,0.0907,-0.3313,-0.1655,-0.175,0.0254,0.3578,0.6015,-0.9036,2.5147,-1.776,0.4875,3.9753,4.2002,-1.692,-1.9454,-5.7684,0.4235,-2.4158,1.3272,-10.6424,-3.2955,1.7752,1.9038,-2.9162,-7.4302,3.6112,4.1573,-0.3226,-0.4583,0.0403,0.0501,5.9716,-10.079,1.0367,1.8963,-0.9326,0.4033,-0.1169,-1.0,-1.0,-1.0,-1.0,-1.0,-1.0,-1.0,-1.0,-1.0,-1.0,-1.0,-1.0,-1.0,-1.0,-1.0,-1.0,-1.0,-1.0,-1.0,-1.0,-1.0,-1.0,-1.0,-1.0,-1.0,-1.0,-1.0,-1.0,-1.0,-1.0,-1.0,-1.0,-1.0,-1.0,-1.0,-1.0,-1.0,-1.0,-1.0,-1.0,-1.0,-1.0,-1.0,-1.0,-1.0,-1.0,-1.0,-1.0,-1.0,-1.0,-1.0,-1.0,-1.0,-1.0,-1.0,-1.0,-1.0,-1.0,-1.0,-1.0,-1.0,-1.0,-1.0,-1.037232477759258,-0.7299511184880596,-4.867380809543824
110,0.22,0.36137606389892196,0.24947158730431063,1.6705187133127088,-1.037232477759258,-0.7299511184880596,-7.025580809543824,0.05136623916533847,0.233,0.0246,0.9434,0.9697,0.0086,-0.1697,0.1753,0.331,-0.0128,0.1171,1.0572,-0.5119,-0.0055,-0.1816,-0.0108,-0.3919,0.7224,-0.2537,0.1093,-1.1918,-0.6288,0.4925,0.1445,-0.0505,-0.0248,-0.0446,0.0077,0.547,-0.5045,0.0921,-0.3276,-0.1672,-0.1743,0.0252,0.3661,0.6176,-0.9121,2.6933,-1.8832,0.5384,3.8989,4.752,-1.8369,-2.5025,-6.0677,0.477,-2.538,1.2688,-11.137,-2.8877,1.9847,1.8669,-3.1196,-6.9904,4.0504,4.3065,-0.1503,-0.3969,0.4039,0.2655,5.9937,-9.9487,0.6586,1.8208,-0.8681,0.3119,-0.0921,-1.0,-1.0,-1.0,-1.0,-1.0,-1.0,-1.0,-1.0,-1.0,-1.0,-1.0,-1.0,-1.0,-1.0,-1.0,-1.0,-1.0,-1.0,-1.0,-1.0,-1.0,-1.0,-1.0,-1.0,-1.0,-1.0,-1.0,-1.0,-1.0,-1.0,-1.0,-1.0,-1.0,-1.0,-1.0,-1.0,-1.0,-1.0,-1.0,-1.0,-1.0,-1.0,-1.0,-1.0,-1.0,-1.0,-1.0,-1.0,-1.0,-1.0,-1.0,-1.0,-1.0,-1.0,-1.0,-1.0,-1.0,-1.0,-1.0,-1.0,-1.0,-1.0,-1.0,-1.037232477759258,-0.7299511184880596,-4.867380809543824
111,0.222,0.3593015989434034,0.2480116850673345,1.6564479316936211,-1.037232477759258,-0.7299511184880596,-7.045200809543823,0.05136623916533847,0.2337,0.0259,0.9416,0.9693,0.0116,-0.1711,0.1764,0.3388,-0.0023,0.1133,1.0513,-0.5245,-0.0044,-0.1868,-0.0083,-0.415,0.7174,-0.2494,0.113,-1.1984,-0.6419,0.5014,0.1535,-0.0505,-0.0254,-0.043,0.0088,0.5589,-0.5242,0.0927,-0.3241,-0.1688,-0.1739,0.0251,0.3742,0.6289,-0.9228,2.8323,-1.9804,0.5896,3.8704,5.2069,-1.9098,-2.9603,-6.3322,0.5022,-2.6011,1.2201,-11.5362,-2.4919,2.1829,1.8269,-3.3178,-6.5718,4.4604,4.4653,0.0298,-0.3168,0.7613,0.5215,5.9825,-9.8705,0.3192,1.7683,-0.802,0.232,-0.081,-1.0,-1.0,-1.0,-1.0,-1.0,-1.0,-1.0,-1.0,-1.0,-1.0,-1.0,-1.0,-1.0,-1.0,-1.0,-1.0,-1.0,-1.0,-1.0,-1.0,-1.0,-1.0,-1.0,-1.0,-1.0,-1.0,-1.0,-1.0,-1.0,-1.0,-1.0,-1.0,-1.0,-1.0,-1.0,-1.0,-1.0,-1.0,-1.0,-1.0,-1.0,-1.0,-1.0,-1.0,-1.0,-1.0,-1.0,-1.0,-1.0,-1.0,-1.0,-1.0,-1.0,-1.0,-1.0,-1.0,-1.0,-1.0,-1.0,-1.0,-1.0,-1.0,-1.0,-1.037232477759258,-0.7299511184880596,-4.867380809543824
112,0.224,0.35722713398788486,0.2465517828303584,1.6423379100745334,-1.037232477759258,-0.7299511184880596,-7.064820809543824,0.05136623916533847,0.2345,0.0271,0.9397,0.9688,0.0147,-0.1726,0.1775,0.3465,0.0087,0.1096,1.0447,-0.5377,-0.0034,-0.1918,-0.0058,-0.4384,0.7131,-0.2446,0.1166,-1.2055,-0.6543,0.511,0.1627,-0.05,-0.0258,-0.0408,0.0104,0.5708,-0.5439,0.0927,-0.3206,-0.1703,-0.1735,0.0249,0.3819,0.6286,-0.9344,2.8909,-2.057,0.647,3.8686,5.5265,-1.8632,-3.2986,-6.5829,0.4999,-2.5103,1.2478,-11.6922,-2.1234,2.3699,1.7796,-3.5207,-6.1822,4.8282,4.6293,0.2311,-0.2157,1.1136,0.8245,5.9199,-9.8383,0.0284,1.7567,-0.7332,0.1673,-0.0834,-1.0,-1.0,-1.0,-1.0,-1.0,-1.0,-1.0,-1.0,-1.0,-1.0,-1.0,-1.0,-1.0,-1.0,-1.0,-1.0,-1.0,-1.0,-1.0,-1.0,-1.0,-1.0,-1.0,-1.0,-1.0,-1.0,-1.0,-1.0,-1.0,-1.0,-1.0,-1.0,-1.0,-1.0,-1.0,-1.0,-1.0,-1.0,-1.0,-1.0,-1.0,-1.0,-1.0,-1.0,-1.0,-1.0,-1.0,-1.0,-1.0,-1.0,-1.0,-1.0,-1.0,-1.0,-1.0,-1.0,-1.0,-1.0,-1.0,-1.0,-1.0,-1.0,-1.0,-1.037232477759258,-0.7299511184880596,-4.867380809543824
113,0.226,0.3551526690323664,0.24509188059338227,1.628188648455446,-1.037232477759258,-0.7299511184880596,-7.084440809543824,0.05136623916533847,0.2353,0.0283,0.9378,0.9682,0.0177,-0.1742,0.1786,0.3543,0.0201,0.1062,1.0377,-0.5514,-0.0025,-0.1963,-0.0031,-0.4615,0.7096,-0.2395,0.12,-1.2129,-0.6659,0.5213,0.1723,-0.0491,-0.026,-0.0379,0.0128,0.5824,-0.5636,0.0923,-0.317,-0.1716,-0.1733,0.0247,0.3891,0.6142,-0.946,2.8538,-2.1081,0.7116,3.8828,5.6966,-1.683,-3.5121,-6.8285,0.4727,-2.241,1.3859,-11.5479,-1.7804,2.5452,1.7234,-3.7339,-5.822,5.1466,4.7961,0.4593,-0.0913,1.4615,1.1655,5.7904,-9.8489,-0.2085,1.7921,-0.6612,0.1212,-0.0993,-1.0,-1.0,-1.0,-1.0,-1.0,-1.0,-1.0,-1.0,-1.0,-1.0,-1.0,-1.0,-1.0,-1.0,-1.0,-1.0,-1.0,-1.0,-1.0,-1.0,-1.0,-1.0,-1.0,-1.0,-1.0,-1.0,-1.0,-1.0,-1.0,-1.0,-1.0,-1.0,-1.0,-1.0,-1.0,-1.0,-1.0,-1.0,-1.0,-1.0,-1.0,-1.0,-1.0,-1.0,-1.0,-1.0,-1.0,-1.0,-1.0,-1.0,-1.0,-1.0,-1.0,-1.0,-1.0,-1.0,-1.0,-1.0,-1.0,-1.0,-1.0,-1.0,-1.0,-1.037232477759258,-0.7299511184880596,-4.867380809543824
114,0.228,0.35307820407684787,0.24363197835640615,1.6140001468363583,-1.037232477759258,-0.7299511184880596,-7.1040608095438245,0.05136623916533847,0.2361,0.0296,0.9359,0.9677,0.0207,-0.1757,0.1797,0.3618,0.0321,0.103,1.0296,-0.5661,-0.0015,-0.2003,-0.0003,-0.4844,0.7064,-0.2344,0.1233,-1.2205,-0.677,0.532,0.1823,-0.0477,-0.0263,-0.0346,0.0152,0.5936,-0.5828,0.0913,-0.3131,-0.1729,-0.1731,0.0243,0.3854,0.6029,-0.9548,2.841,-2.104,0.6627,3.7949,5.9951,-1.641,-4.0215,-7.3526,0.4816,-1.988,1.366,-11.4497,-1.5881,2.5646,1.6655,-3.773,-5.5261,5.3156,5.0106,0.6663,-0.1378,1.623,1.2394,5.6232,-9.6369,-0.5353,1.9324,-0.6187,0.1197,-0.2068,-1.0,-1.0,-1.0,-1.0,-1.0,-1.0,-1.0,-1.0,-1.0,-1.0,-1.0,-1.0,-1.0,-1.0,-1.0,-1.0,-1.0,-1.0,-1.0,-1.0,-1.0,-1.0,-1.0,-1.0,-1.0,-1.0,-1.0,-1.0,-1.0,-1.0,-1.0,-1.0,-1.0,-1.0,-1.0,-1.0,-1.0,-1.0,-1.0,-1.0,-1.0,-1.0,-1.0,-1.0,-1.0,-1.0,-1.0,-1.0,-1.0,-1.0,-1.0,-1.0,-1.0,-1.0,-1.0,-1.0,-1.0,-1.0,-1.0,-1.0,-1.0,-1.0,-1.0,-1.037232477759258,-0.7299511184880596,-4.867380809543824
115,0.23,0.3510037391213293,0.24217207611943004,1.5997724052172706,-1.037232477759258,-0.7299511184880596,-7.123680809543824,0.05136623916533847,0.2368,0.0307,0.934,0.9671,0.0237,-0.1772,0.1807,0.3693,0.0446,0.0998,1.0206,-0.5818,-0.0006,-0.2037,0.0023,-0.5069,0.7035,-0.2294,0.1265,-1.228,-0.6875,0.5428,0.1928,-0.046,-0.0266,-0.031,0.0179,0.6045,-0.6016,0.0896,-0.3089,-0.1739,-0.1728,0.0237,0.3791,0.5876,-0.9629,2.8007,-2.0767,0.5895,3.7147,6.229,-1.5799,-4.4996,-7.8531,0.4932,-1.7245,1.3271,-11.2755,-1.4599,2.5111,1.6047,-3.767,-5.2556,5.41,5.2382,0.8717,-0.1466,1.8308,1.3081,5.4302,-9.3969,-0.8532,2.1104,-0.5385,0.1305,-0.3121,-1.0,-1.0,-1.0,-1.0,-1.0,-1.0,-1.0,-1.0,-1.0,-1.0,-1.0,-1.0,-1.0,-1.0,-1.0,-1.0,-1.0,-1.0,-1.0,-1.0,-1.0,-1.0,-1.0,-1.0,-1.0,-1.0,-1.0,-1.0,-1.0,-1.0,-1.0,-1.0,-1.0,-1.0,-1.0,-1.0,-1.0,-1.0,-1.0,-1.0,-1.0,-1.0,-1.0,-1.0,-1.0,-1.0,-1.0,-1.0,-1.0,-1.0,-1.0,-1.0,-1.0,-1.0,-1.0,-1.0,-1.0,-1.0,-1.0,-1.0,-1.0,-1.0,-1.0,-1.037232477759258,-0.7299511184880596,-4.867380809543824
116,0.232,0.3489292741658108,0.24071217388245392,1.585505423598183,-1.037232477759258,-0.7299511184880596,-7.143300809543824,0.05136623916533847,0.2376,0.0319,0.932,0.9666,0.0266,-0.1787,0.1817,0.3766,0.0574,0.0968,1.0107,-0.5984,0.0005,-0.2066,0.0049,-0.529,0.7007,-0.2246,0.1296,-1.2354,-0.6975,0.5536,0.2038,-0.0438,-0.0268,-0.0268,0.0206,0.6149,-0.6199,0.0872,-0.3042,-0.1748,-0.1725,0.0228,0.3701,0.5685,-0.9701,2.7332,-2.0262,0.4939,3.6392,6.3989,-1.5028,-4.9494,-8.3301,0.508,-1.4587,1.2662,-11.0277,-1.3992,2.3783,1.5415,-3.716,-5.0235,5.4258,5.4768,1.0786,-0.1032,2.102,1.3594,5.2118,-9.1279,-1.1613,2.3239,-0.4041,0.153,-0.4054,-1.0,-1.0,-1.0,-1.0,-1.0,-1.0,-1.0,-1.0,-1.0,-1.0,-1.0,-1.0,-1.0,-1.0,-1.0,-1.0,-1.0,-1.0,-1.0,-1.0,-1.0,-1.0,-1.0,-1.0,-1.0,-1.0,-1.0,-1.0,-1.0,-1.0,-1.0,-1.0,-1.0,-1.0,-1.0,-1.0,-1.0,-1.0,-1.0,-1.0,-1.0,-1.0,-1.0,-1.0,-1.0,-1.0,-1.0,-1.0,-1.0,-1.0,-1.0,-1.0,-1.0,-1.0,-1.0,-1.0,-1.0,-1.0,-1.0,-1.0,-1.0,-1.0,-1.0,-1.037232477759258,-0.7299511184880596,-4.867380809543824
117,0.234,0.3468548092102923,0.2392522716454778,1.5711992019790955,-1.037232477759258,-0.7299511184880596,-7.162920809543824,0.05136623916533847,0.2383,0.033,0.9301,0.9661,0.0294,-0.1801,0.1824,0.3837,0.0704,0.094,1.0,-0.616,0.0015,-0.209,0.0072,-0.5504,0.6979,-0.2203,0.1326,-1.2427,-0.7072,0.5644,0.2152,-0.0413,-0.0268,-0.0219,0.0233,0.6248,-0.6376,0.0843,-0.2991,-0.1752,-0.1721,0.0219,0.3587,0.5458,-0.9763,2.6391,-1.9533,0.3774,3.5668,6.5065,-1.4119,-5.374,-8.7835,0.5264,-1.1979,1.1803,-10.7088,-1.4086,2.1626,1.476,-3.6226,-4.83,5.3633,5.7249,1.2863,0.0065,2.4327,1.3816,4.9657,-8.8302,-1.4583,2.5702,-0.2,0.1865,-0.4772,-1.0,-1.0,-1.0,-1.0,-1.0,-1.0,-1.0,-1.0,-1.0,-1.0,-1.0,-1.0,-1.0,-1.0,-1.0,-1.0,-1.0,-1.0,-1.0,-1.0,-1.0,-1.0,-1.0,-1.0,-1.0,-1.0,-1.0,-1.0,-1.0,-1.0,-1.0,-1.0,-1.0,-1.0,-1.0,-1.0,-1.0,-1.0,-1.0,-1.0,-1.0,-1.0,-1.0,-1.0,-1.0,-1.0,-1.0,-1.0,-1.0,-1.0,-1.0,-1.0,-1.0,-1.0,-1.0,-1.0,-1.0,-1.0,-1.0,-1.0,-1.0,-1.0,-1.0,-1.037232477759258,-0.7299511184880596,-4.867380809543824
118,0.236,0.3447803442547738,0.23779236940850168,1.5568537403600078,-1.037232477759258,-0.7299511184880596,-7.1825408095438235,0.05136623916533847,0.239,0.034,0.9281,0.9657,0.0322,-0.1815,0.1831,0.3905,0.0837,0.0911,0.9883,-0.634,0.0027,-0.2111,0.0089,-0.5714,0.6957,-0.2158,0.1354,-1.2496,-0.7167,0.5749,0.2271,-0.0383,-0.027,-0.0175,0.0261,0.6343,-0.6546,0.0808,-0.2936,-0.1757,-0.1717,0.0205,0.3423,0.5267,-0.985,2.5785,-1.8575,0.2247,3.3904,6.6771,-1.4377,-5.8627,-9.0202,0.6019,-1.0182,0.8296,-10.504,-1.0867,2.2493,1.4165,-3.4532,-4.7539,5.2884,5.953,1.4733,-0.0962,2.2168,1.3982,4.745,-8.5021,-1.7374,2.7712,-0.2544,0.2091,-0.6777,-1.0,-1.0,-1.0,-1.0,-1.0,-1.0,-1.0,-1.0,-1.0,-1.0,-1.0,-1.0,-1.0,-1.0,-1.0,-1.0,-1.0,-1.0,-1.0,-1.0,-1.0,-1.0,-1.0,6.973672756689474,-1.0,-1.0,-1.0,-1.0,-1.0,-1.0,-1.0,-1.0,-1.0,-1.0,-1.0,-1.0,-1.0,-1.0,-1.0,-1.0,-1.0,-1.0,-1.0,-1.0,-1.0,-1.0,-1.0,-1.0,-1.0,-1.0,-1.0,-1.0,-1.0,-1.0,-1.0,-1.0,-1.0,-1.0,-1.0,-1.0,-1.0,-1.0,-1.0,-1.037232477759258,-0.7299511184880596,-4.867380809543824
119,0.238,0.3427058792992553,0.23633246717152556,1.54246903874092,-1.037232477759258,-0.7299511184880596,-7.202160809543824,0.05136623916533847,0.2396,0.035,0.9261,0.9653,0.0349,-0.1827,0.1835,0.3969,0.0972,0.0882,0.9757,-0.6524,0.0041,-0.2128,0.0096,-0.5919,0.6941,-0.2111,0.1381,-1.256,-0.7262,0.5852,0.2394,-0.0351,-0.0273,-0.0134,0.0289,0.6433,-0.6708,0.0769,-0.2875,-0.1762,-0.1712,0.0189,0.3218,0.5034,-0.9932,2.4918,-1.7258,0.0385,3.2201,6.7587,-1.461,-6.3064,-9.1892,0.6836,-0.8545,0.3752,-10.2412,-0.8093,2.3409,1.3541,-3.2066,-4.7575,5.1148,6.1334,1.6019,-0.1635,2.0223,1.3797,4.5003,-8.1103,-1.9717,3.0142,-0.2713,0.2459,-0.8132,-1.0,-1.0,-1.0,-1.0,-1.0,-1.0,-1.0,-1.0,-1.0,-1.0,-1.0,-1.0,-1.0,-1.0,-1.0,-1.0,-1.0,-1.0,-1.0,-1.0,-1.0,-1.0,-1.0,7.529663415037704,-1.0,-1.0,-1.0,-1.0,-1.0,-1.0,-1.0,-1.0,-1.0,-1.0,-1.0,-1.0,-1.0,-1.0,-1.0,-1.0,-1.0,-1.0,-1.0,-1.0,-1.0,-1.0,-1.0,-1.0,-1.0,-1.0,-1.0,-1.0,-1.0,-1.0,-1.0,-1.0,-1.0,-1.0,-1.0,-1.0,-1.0,-1.0,-1.0,-1.037232477759258,-0.7299511184880596,-4.867380809543824
120,0.24,0.3406314143437368,0.23487256493454944,1.5280450971218325,-1.037232477759258,-0.7299511184880596,-7.221780809543824,0.05136623916533847,0.2402,0.036,0.9241,0.9649,0.0375,-0.1837,0.1837,0.403,0.1107,0.0852,0.9622,-0.6709,0.0056,-0.2142,0.0093,-0.6117,0.6929,-0.2062,0.1407,-1.2618,-0.7359,0.5949,0.2518,-0.0318,-0.0277,-0.0097,0.0315,0.6518,-0.6861,0.0726,-0.281,-0.1767,-0.1706,0.0172,0.2976,0.4757,-1.0009,2.379,-1.5602,-0.1764,3.0523,6.752,-1.4768,-6.7334,-9.2624,0.7683,-0.7112,-0.1839,-9.9213,-0.5771,2.4366,1.2892,-2.8829,-4.839,4.8539,6.2113,1.6839,-0.1876,1.854,1.3174,4.2471,-7.652,-2.1658,3.2878,-0.2413,0.2942,-0.865,-1.0,-1.0,-1.0,-1.0,-1.0,-1.0,-1.0,-1.0,-1.0,-1.0,-1.0,-1.0,-1.0,-1.0,-1.0,-1.0,-1.0,-1.0,-1.0,-1.0,-1.0,-1.0,-1.0,8.132731774018094,-1.0,-1.0,-1.0,-1.0,-1.0,-1.0,-1.0,-1.0,-1.0,-1.0,-1.0,-1.0,-1.0,-1.0,-1.0,-1.0,-1.0,-1.0,-1.0,-1.0,-1.0,-1.0,-1.0,-1.0,-1.0,-1.0,-1.0,-1.0,-1.0,-1.0,-1.0,-1.0,-1.0,-1.0,-1.0,-1.0,-1.0,-1.0,-1.0,-1.037232477759258,-0.7299511184880596,-4.867380809543824
121,0.242,0.3385569493882183,0.23341266269757333,1.5135819155027448,-1.037232477759258,-0.7299511184880596,-7.2414008095438245,0.05136623916533847,0.2407,0.0369,0.9221,0.9647,0.04,-0.1846,0.1837,0.4087,0.124,0.0824,0.9463,-0.6874,0.0071,-0.2154,0.0076,-0.6308,0.6922,-0.2012,0.1431,-1.2668,-0.7459,0.6039,0.2642,-0.0283,-0.028,-0.0063,0.0339,0.6598,-0.7003,0.0679,-0.2738,-0.177,-0.1699,0.0156,0.2701,0.4416,-1.0141,2.2286,-1.3636,-0.3965,2.8415,6.6254,-1.4262,-7.9433,-8.2226,0.7308,-0.6035,-0.8421,-9.5301,-0.3797,2.5342,1.2223,-2.5001,-5.0082,4.5065,6.1915,1.7401,-0.1581,1.7219,1.1998,4.0125,-7.1269,-2.3254,3.5682,-0.1519,0.3506,-0.8092,-1.0,-1.0,-1.0,-1.0,-1.0,-1.0,-1.0,-1.0,-1.0,-1.0,-1.0,-1.0,-1.0,-1.0,-1.0,-1.0,-1.0,-1.0,-1.0,6.76564586815926,-1.0,-1.0,-1.0,8.775880804322812,-1.0,-1.0,-1.0,-1.0,-1.0,-1.0,-1.0,-1.0,-1.0,-1.0,-1.0,-1.0,-1.0,-1.0,-1.0,-1.0,-1.0,-1.0,-1.0,-1.0,-1.0,-1.0,-1.0,-1.0,-1.0,-1.0,-1.0,-1.0,-1.0,-1.0,-1.0,-1.0,-1.0,-1.0,-1.0,-1.0,-1.0,-1.0,-1.0,-1.037232477759258,-0.7299511184880596,-4.867380809543824
122,0.244,0.33648248443269974,0.2319527604605972,1.4990794938836571,-1.037232477759258,-0.7299511184880596,-7.261020809543824,0.05136623916533847,0.2412,0.0377,0.92,0.9645,0.0424,-0.1854,0.1834,0.4142,0.1371,0.0799,0.9283,-0.702,0.0085,-0.2159,0.0051,-0.649,0.6922,-0.196,0.1455,-1.2709,-0.7563,0.6122,0.2762,-0.0249,-0.0283,-0.0031,0.0361,0.6676,-0.7136,0.0628,-0.2662,-0.1771,-0.1691,0.0137,0.2546,0.4083,-1.029,2.0711,-1.2195,-0.6278,2.7653,6.5356,-1.2527,-8.9943,-7.3011,0.6943,-0.2755,-1.2566,-9.1146,0.0312,2.5829,1.1671,-2.0502,-5.1975,4.1308,6.0255,1.6941,-0.1399,1.6085,1.0908,3.862,-6.6551,-2.5525,3.8141,-0.0579,0.3883,-0.9126,-1.0,-1.0,-1.0,-1.0,-1.0,-1.0,-1.0,-1.0,-1.0,-1.0,-1.0,-1.0,-1.0,-1.0,-1.0,-1.0,-1.0,-1.0,-1.0,6.975385998172924,6.866218269409371,-1.0,-1.0,9.437506272869683,-1.0,-1.0,-1.0,-1.0,-1.0,-1.0,-1.0,-1.0,-1.0,-1.0,-1.0,-1.0,-1.0,-1.0,-1.0,-1.0,-1.0,-1.0,-1.0,-1.0,-1.0,-1.0,-1.0,-1.0,-1.0,-1.0,-1.0,-1.0,-1.0,-1.0,-1.0,-1.0,-1.0,-1.0,-1.0,-1.0,-1.0,-1.0,-1.0,-1.037232477759258,-0.7299511184880596,-4.867380809543824
123,0.246,0.33440801947718124,0.2304928582236211,1.4845378322645697,-1.037232477759258,-0.7299511184880596,-7.280640809543824,0.05136623916533847,0.2417,0.0384,0.918,0.9643,0.0446,-0.186,0.1829,0.4195,0.15,0.0773,0.9108,-0.7179,0.0106,-0.2159,0.0017,-0.6664,0.6929,-0.1907,0.1477,-1.2741,-0.767,0.6196,0.2878,-0.0217,-0.0285,-0.0001,0.0381,0.6749,-0.7259,0.0574,-0.258,-0.177,-0.1683,0.0118,0.2383,0.3771,-1.03,1.9304,-1.0753,-0.86,2.653,6.4615,-1.2752,-8.7428,-7.9369,1.0859,0.0219,-1.678,-8.7008,0.3667,2.6454,1.1105,-1.5966,-5.3342,3.7447,5.7641,1.5804,-0.1115,1.4904,0.9716,3.6926,-6.1361,-2.713,4.0863,0.037,0.4391,-0.9463,-1.0,-1.0,-1.0,-1.0,-1.0,-1.0,-1.0,-1.0,-1.0,-1.0,-1.0,-1.0,-1.0,-1.0,-1.0,-1.0,-1.0,-1.0,-1.0,7.168220776940174,7.0695146204329715,-1.0,6.767546562969017,10.108106027501673,-1.0,-1.0,-1.0,-1.0,-1.0,-1.0,-1.0,-1.0,-1.0,-1.0,-1.0,-1.0,-1.0,-1.0,-1.0,-1.0,-1.0,-1.0,-1.0,-1.0,-1.0,-1.0,-1.0,-1.0,-1.0,-1.0,-1.0,-1.0,-1.0,-1.0,-1.0,-1.0,-1.0,-1.0,-1.0,-1.0,-1.0,-1.0,-1.0,-1.037232477759258,-0.7299511184880596,-4.867380809543824
124,0.248,0.3323335545216627,0.22903295598664497,1.469956930645482,-1.037232477759258,-0.7299511184880596,-7.300260809543824,0.05136623916533847,0.2422,0.0391,0.916,0.9643,0.0467,-0.1866,0.1821,0.4246,0.161,0.0746,0.8967,-0.7284,0.0147,-0.2153,-0.0025,-0.6831,0.6942,-0.1853,0.1498,-1.2763,-0.7777,0.6264,0.2987,-0.0189,-0.0286,0.0026,0.0397,0.6819,-0.7371,0.0518,-0.2493,-0.1768,-0.1673,0.01,0.2244,0.3471,-1.0124,1.8201,-0.9606,-1.1272,2.5144,5.5282,-1.3606,-7.081,-5.2924,2.0389,0.2893,-2.0982,-8.3153,0.6207,2.7207,1.0522,-1.1283,-5.3652,3.366,5.4735,1.4009,-0.0764,1.3622,0.845,3.5039,-5.6085,-2.8067,4.3627,0.1284,0.4997,-0.9098,-1.0,-1.0,-1.0,-1.0,-1.0,-1.0,-1.0,-1.0,-1.0,-1.0,-1.0,-1.0,-1.0,-1.0,-1.0,-1.0,-1.0,-1.0,-1.0,7.333651978013367,7.245104490865319,-1.0,7.2612042008443085,10.759858778864714,-1.0,-1.0,6.69098378960984,-1.0,-1.0,-1.0,-1.0,-1.0,-1.0,-1.0,-1.0,-1.0,-1.0,-1.0,-1.0,-1.0,-1.0,-1.0,-1.0,-1.0,-1.0,-1.0,-1.0,-1.0,-1.0,-1.0,-1.0,-1.0,-1.0,-1.0,-1.0,-1.0,-1.0,-1.0,-1.0,-1.0,-1.0,-1.0,-1.0,-1.037232477759258,-0.7299511184880596,-4.867380809543824
125,0.25,0.3302590895661442,0.22757305374966885,1.4553367890263942,-1.037232477759258,-0.7299511184880596,-7.3198808095438235,0.05136623916533847,0.2426,0.0398,0.914,0.9643,0.0488,-0.187,0.1811,0.4292,0.1702,0.0717,0.8856,-0.7338,0.0183,-0.2143,-0.0075,-0.6989,0.6959,-0.1797,0.1518,-1.2777,-0.7884,0.6323,0.3091,-0.0166,-0.0287,0.0051,0.0412,0.6885,-0.7473,0.0461,-0.24,-0.1764,-0.1661,0.0084,0.2083,0.3183,-0.9882,1.7203,-0.844,-1.3621,2.3027,4.5709,-1.461,-5.5133,-2.6851,1.8083,0.5208,-2.5166,-7.9201,0.8352,2.8049,0.9933,-0.6979,-5.3532,2.9804,5.1825,1.166,-0.038,1.2162,0.7133,3.2921,-5.0899,-2.826,4.6427,0.2116,0.5681,-0.8004,-1.0,-1.0,-1.0,-1.0,-1.0,-1.0,-1.0,-1.0,-1.0,-1.0,-1.0,-1.0,-1.0,-1.0,-1.0,-1.0,-1.0,6.6777365029914115,-1.0,7.461597482097472,7.38102780146727,-1.0,7.793322467465038,11.336501753575416,-1.0,-1.0,7.004314137288033,-1.0,-1.0,-1.0,-1.0,-1.0,-1.0,-1.0,-1.0,-1.0,-1.0,-1.0,-1.0,-1.0,-1.0,-1.0,-1.0,-1.0,-1.0,-1.0,-1.0,-1.0,-1.0,-1.0,-1.0,-1.0,-1.0,-1.0,-1.0,-1.0,-1.0,-1.0,-1.0,-1.0,-1.0,-1.0,-1.0,-1.037232477759258,-0.7299511184880596,-4.867380809543824
126,0.252,0.3281846246106257,0.22611315151269273,1.4406774074073065,-1.037232477759258,-0.7299511184880596,-7.339500809543824,0.05136623916533847,0.243,0.0403,0.912,0.9644,0.0508,-0.1873,0.1797,0.4338,0.1779,0.0686,0.8768,-0.7348,0.0233,-0.2129,-0.0139,-0.714,0.6979,-0.1739,0.1537,-1.2781,-0.7992,0.6375,0.3189,-0.0146,-0.0287,0.0072,0.0424,0.6946,-0.7565,0.0405,-0.2302,-0.1758,-0.1649,0.007,0.1924,0.2898,-0.971,1.5997,-0.7076,-1.6974,2.3128,3.8478,-1.5254,-4.4406,-0.4862,2.502,0.6908,-3.1679,-7.5568,1.0023,2.8979,0.9384,-0.19,-5.4087,2.598,4.8964,1.0079,-0.018,1.0566,0.6016,3.0397,-4.59,-2.825,4.9233,0.2736,0.6195,-0.725,-1.0,-1.0,-1.0,-1.0,-1.0,-1.0,-1.0,-1.0,-1.0,-1.0,-1.0,-1.0,-1.0,-1.0,-1.0,-1.0,-1.0,6.750112681328199,-1.0,7.539239579714067,7.46382254466649,-1.0,8.352447408903885,11.770507801027223,-1.0,-1.0,7.2939805579187285,-1.0,-1.0,-1.0,-1.0,-1.0,-1.0,-1.0,-1.0,-1.0,-1.0,-1.0,-1.0,-1.0,-1.0,-1.0,-1.0,-1.0,-1.0,-1.0,-1.0,-1.0,-1.0,-1.0,-1.0,-1.0,-1.0,-1.0,-1.0,-1.0,-1.0,-1.0,-1.0,-1.0,-1.0,-1.0,-1.0,-1.037232477759258,-0.7299511184880596,-4.867380809543824
127,0.254,0.32611015965510715,0.22465324927571662,1.425978785788219,-1.037232477759258,-0.7299511184880596,-7.359120809543824,0.05136623916533847,0.2433,0.0409,0.9101,0.9645,0.0526,-0.1875,0.1782,0.4375,0.1843,0.065,0.8696,-0.7317,0.0294,-0.2115,-0.0214,-0.7283,0.7002,-0.1679,0.1554,-1.2778,-0.8102,0.6419,0.3281,-0.0129,-0.0287,0.009,0.0434,0.7001,-0.7647,0.0349,-0.2198,-0.1751,-0.1635,0.0057,0.1726,0.2602,-0.9559,1.4707,-0.5548,-1.8392,1.8541,3.2262,-1.8089,-3.5807,1.5667,3.0258,0.7145,-3.7816,-7.1544,1.1497,2.9913,0.8854,0.1252,-5.4732,2.2075,4.6047,0.8169,0.0042,0.9036,0.4905,2.7659,-4.0951,-2.7667,5.2001,0.3345,0.6729,-0.6421,-1.0,-1.0,-1.0,-1.0,-1.0,-1.0,-1.0,-1.0,-1.0,-1.0,-1.0,-1.0,-1.0,-1.0,-1.0,-1.0,-1.0,6.795520999094627,-1.0,7.583632152899949,7.512433657489331,-1.0,8.954447744772626,12.075669722309957,-1.0,-1.0,7.568730326922259,-1.0,-1.0,-1.0,-1.0,-1.0,-1.0,-1.0,-1.0,-1.0,-1.0,-1.0,-1.0,-1.0,-1.0,-1.0,-1.0,-1.0,-1.0,-1.0,-1.0,-1.0,-1.0,-1.0,-1.0,-1.0,-1.0,-1.0,-1.0,-1.0,-1.0,-1.0,-1.0,-1.0,-1.0,-1.0,-1.0,-1.037232477759258,-0.7299511184880596,-4.867380809543824
128,0.256,0.32403569469958865,0.2231933470387405,1.4112409241691313,-1.037232477759258,-0.7299511184880596,-7.3787408095438245,0.05136623916533847,0.2436,0.0413,0.9082,0.9647,0.0544,-0.1875,0.1765,0.4404,0.1897,0.0609,0.8638,-0.7247,0.0364,-0.21,-0.0302,-0.7418,0.7028,-0.1617,0.1571,-1.277,-0.8212,0.6456,0.3367,-0.0118,-0.0287,0.0105,0.0441,0.7051,-0.7719,0.0296,-0.2088,-0.1744,-0.1621,0.0046,0.1535,0.2301,-0.9402,1.3319,-0.4004,-1.9935,1.4667,2.6735,-2.0555,-2.9174,3.4891,3.4785,0.7599,-4.4013,-6.7217,1.2987,3.0842,0.8331,0.4299,-5.5176,1.8206,4.3186,0.5863,0.0283,0.7562,0.3801,2.4584,-3.6253,-2.651,5.4635,0.3944,0.7277,-0.5529,-1.0,-1.0,-1.0,-1.0,-1.0,-1.0,-1.0,-1.0,-1.0,-1.0,-1.0,-1.0,-1.0,-1.0,-1.0,-1.0,-1.0,6.78466016997853,-1.0,7.565156937430919,7.493433040396474,-1.0,9.546296548379347,12.131595063008662,-1.0,-1.0,7.785658176270579,-1.0,-1.0,-1.0,-1.0,-1.0,-1.0,-1.0,-1.0,-1.0,-1.0,-1.0,-1.0,-1.0,-1.0,-1.0,-1.0,-1.0,-1.0,-1.0,-1.0,-1.0,-1.0,-1.0,-1.0,-1.0,-1.0,-1.0,-1.0,-1.0,-1.0,-1.0,-1.0,-1.0,-1.0,-1.0,-1.0,-1.037232477759258,-0.7299511184880596,-4.867380809543824
129,0.258,0.3219612297440701,0.22173344480176438,1.3964638225500436,-1.037232477759258,-0.7299511184880596,-7.398360809543824,0.05136623916533847,0.2439,0.0417,0.9064,0.965,0.056,-0.1875,0.1746,0.4427,0.194,0.0564,0.8589,-0.7141,0.044,-0.2083,-0.0403,-0.7543,0.7057,-0.1554,0.1587,-1.2755,-0.8323,0.6485,0.3448,-0.0111,-0.0286,0.0117,0.0447,0.7093,-0.7783,0.0247,-0.1974,-0.1734,-0.1605,0.0037,0.1351,0.1997,-0.9242,1.1836,-0.2448,-2.1523,1.1403,2.1794,-2.2648,-2.4252,5.3106,3.8452,0.8223,-5.0182,-6.2578,1.4527,3.1759,0.7819,0.7162,-5.547,1.438,4.0386,0.3306,0.0538,0.6133,0.2702,2.1183,-3.1831,-2.4743,5.7113,0.4532,0.7834,-0.4583,-1.0,-1.0,-1.0,-1.0,-1.0,-1.0,-1.0,-1.0,-1.0,-1.0,-1.0,-1.0,-1.0,-1.0,-1.0,-1.0,-1.0,6.738153700553344,-1.0,7.503143445421069,7.429810380695824,-1.0,10.133301383274995,11.996951292604443,-1.0,-1.0,7.956618014988702,-1.0,-1.0,-1.0,-1.0,-1.0,-1.0,-1.0,-1.0,-1.0,-1.0,-1.0,-1.0,-1.0,-1.0,-1.0,-1.0,-1.0,-1.0,-1.0,-1.0,-1.0,-1.0,-1.0,-1.0,-1.0,-1.0,-1.0,-1.0,-1.0,-1.0,-1.0,-1.0,-1.0,-1.0,-1.0,-1.0,-1.037232477759258,-0.7299511184880596,-4.867380809543824
130,0.26,0.3198867647885516,0.22027354256478826,1.381647480930956,-1.037232477759258,-0.7299511184880596,-7.417980809543824,0.05136623916533847,0.2441,0.042,0.9046,0.9653,0.0574,-0.1873,0.1726,0.4445,0.1975,0.0516,0.8548,-0.7002,0.0522,-0.2065,-0.0512,-0.7657,0.7086,-0.1487,0.16,-1.2736,-0.8431,0.6506,0.3523,-0.011,-0.0284,0.0125,0.0453,0.7128,-0.7836,0.0193,-0.1851,-0.1728,-0.1587,0.0023,0.1221,0.1654,-0.9035,1.0081,-0.1114,-2.2854,0.8824,1.7346,-2.3651,-2.0383,6.9245,4.1025,0.8922,-5.4894,-5.7165,1.4741,3.3149,0.6728,0.9526,-5.4069,1.0696,3.743,0.0462,0.1023,0.3748,0.3095,1.7504,-2.6427,-2.7163,6.1719,0.3075,0.9277,-0.6594,-1.0,-1.0,-1.0,-1.0,-1.0,-1.0,-1.0,-1.0,-1.0,-1.0,-1.0,-1.0,-1.0,-1.0,-1.0,-1.0,-1.0,-1.0,-1.0,7.396544843227647,7.31999541923287,-1.0,10.670421658657755,11.674817039693643,-1.0,-1.0,8.063843962561279,-1.0,-1.0,-1.0,-1.0,-1.0,-1.0,-1.0,-1.0,-1.0,-1.0,-1.0,-1.0,-1.0,-1.0,-1.0,-1.0,-1.0,-1.0,-1.0,-1.0,-1.0,-1.0,-1.0,-1.0,-1.0,-1.0,-1.0,-1.0,-1.0,-1.0,-1.0,-1.0,-1.0,-1.0,-1.0,-1.0,-1.037232477759258,-0.7299511184880596,-4.867380809543824
131,0.262,0.3178122998330331,0.21881364032781214,1.3667918993118682,-1.037232477759258,-0.7299511184880596,-7.437600809543824,0.05136623916533847,0.2444,0.0423,0.9028,0.9657,0.0586,-0.187,0.1704,0.4458,0.2002,0.0466,0.8513,-0.6834,0.0609,-0.2044,-0.0631,-0.776,0.7118,-0.1419,0.1612,-1.2711,-0.8537,0.652,0.3592,-0.0115,-0.0281,0.0128,0.0459,0.7156,-0.7879,0.0136,-0.1718,-0.1724,-0.1566,0.0008,0.1079,0.1314,-0.8849,0.8338,0.0251,-2.4696,0.6625,1.36,-2.4886,-1.7861,8.4241,4.3247,1.0793,-5.9293,-5.1555,1.6096,3.4373,0.5705,1.2686,-5.2921,0.6768,3.4354,-0.2322,0.1379,0.1797,0.3159,1.3974,-2.133,-2.8151,6.614,0.2188,1.0322,-0.77,-1.0,-1.0,-1.0,-1.0,-1.0,-1.0,-1.0,-1.0,-1.0,-1.0,-1.0,-1.0,-1.0,-1.0,-1.0,-1.0,-1.0,-1.0,-1.0,7.256172322902405,7.17433387163598,-1.0,11.125818446366024,11.210329318578724,-1.0,-1.0,8.101746294764466,-1.0,-1.0,-1.0,-1.0,-1.0,-1.0,-1.0,-1.0,-1.0,-1.0,-1.0,-1.0,-1.0,-1.0,-1.0,-1.0,-1.0,-1.0,-1.0,-1.0,-1.0,-1.0,-1.0,-1.0,-1.0,-1.0,-1.0,-1.0,-1.0,-1.0,-1.0,-1.0,-1.0,-1.0,-1.0,-1.0,-1.037232477759258,-0.7299511184880596,-4.867380809543824
132,0.264,0.31573783487751456,0.217353738090836,1.3518970776927808,-1.037232477759258,-0.7299511184880596,-7.4572208095438235,0.05136623916533847,0.2445,0.0425,0.9012,0.9661,0.0598,-0.1866,0.1681,0.4469,0.2017,0.0418,0.8504,-0.6712,0.0685,-0.202,-0.0755,-0.7854,0.7154,-0.1348,0.1621,-1.2681,-0.8639,0.6525,0.3654,-0.0126,-0.0278,0.0129,0.0465,0.7179,-0.791,0.008,-0.158,-0.172,-0.1544,-0.0007,0.0926,0.1011,-0.8291,0.7743,0.123,-2.4898,0.5378,0.7182,-2.4141,-0.4429,6.079,3.7904,1.1596,-6.221,-4.703,1.7809,3.5469,0.4751,1.4814,-5.0818,0.2493,3.1358,-0.5422,0.1589,0.0277,0.2852,1.1384,-1.5908,-2.8063,6.9392,0.1956,1.1041,-0.7785,-1.0,-1.0,-1.0,-1.0,-1.0,-1.0,-1.0,-1.0,-1.0,-1.0,-1.0,-1.0,-1.0,-1.0,-1.0,-1.0,-1.0,-1.0,-1.0,7.068139036767288,6.984049253469676,-1.0,11.456188495679084,10.636447027028918,-1.0,-1.0,8.073975143698428,-1.0,-1.0,-1.0,-1.0,-1.0,-1.0,-1.0,-1.0,-1.0,-1.0,-1.0,-1.0,-1.0,-1.0,-1.0,-1.0,-1.0,-1.0,-1.0,-1.0,-1.0,-1.0,-1.0,-1.0,-1.0,-1.0,-1.0,-1.0,-1.0,-1.0,-1.0,-1.0,-1.0,-1.0,-1.0,-1.0,-1.037232477759258,-0.7299511184880596,-4.867380809543824
133,0.266,0.31366336992199606,0.21589383585385988,1.336963016073693,-1.037232477759258,-0.7299511184880596,-7.476840809543824,0.05136623916533847,0.2447,0.0426,0.8996,0.9665,0.0609,-0.1861,0.1658,0.4477,0.2022,0.037,0.8512,-0.6625,0.0777,-0.1993,-0.0885,-0.7938,0.7197,-0.1275,0.1629,-1.2646,-0.8737,0.652,0.371,-0.0142,-0.0274,0.0128,0.0469,0.7197,-0.7932,0.0027,-0.1437,-0.1715,-0.1521,-0.0021,0.079,0.0679,-0.7832,0.6916,0.2235,-2.551,0.434,0.2781,-2.3851,0.4307,4.3409,4.608,1.3687,-6.4633,-4.2092,2.146,3.6344,0.3866,1.7845,-4.9283,-0.2157,2.8129,-0.7973,0.1645,-0.0743,0.2123,0.9377,-1.0833,-2.668,7.128,0.2455,1.1455,-0.6732,-1.0,-1.0,-1.0,-1.0,-1.0,-1.0,-1.0,-1.0,-1.0,-1.0,-1.0,-1.0,-1.0,-1.0,-1.0,-1.0,-1.0,-1.0,-1.0,6.851794485463138,6.76551462830996,-1.0,11.617626981931704,10.005070672776618,-1.0,-1.0,7.974381394351895,-1.0,-1.0,-1.0,-1.0,-1.0,-1.0,-1.0,-1.0,-1.0,-1.0,-1.0,-1.0,-1.0,-1.0,-1.0,-1.0,-1.0,-1.0,-1.0,-1.0,-1.0,-1.0,-1.0,-1.0,-1.0,-1.0,-1.0,-1.0,-1.0,-1.0,-1.0,-1.0,-1.0,-1.0,-1.0,-1.0,-1.037232477759258,-0.7299511184880596,-4.867380809543824
134,0.268,0.3115889049664775,0.21443393361688376,1.3219897144546053,-1.037232477759258,-0.7299511184880596,-7.496460809543824,0.05136623916533847,0.2448,0.0427,0.8981,0.9669,0.0619,-0.1855,0.1636,0.4484,0.2017,0.0327,0.8539,-0.6573,0.0867,-0.1966,-0.1017,-0.8012,0.7248,-0.1201,0.1635,-1.2612,-0.8831,0.6508,0.3761,-0.0163,-0.027,0.0123,0.0474,0.7209,-0.7944,-0.0029,-0.1289,-0.1711,-0.1496,-0.0034,0.0685,0.0314,-0.7383,0.5677,0.3111,-2.3714,0.3441,-0.2727,-2.1811,1.3491,2.617,4.4882,1.3509,-6.6071,-3.6591,2.5576,3.7232,0.3124,1.7114,-4.6787,-0.5932,2.5395,-1.0668,0.2192,-0.2075,0.2244,0.5976,-0.5751,-2.7754,7.4177,0.2082,1.2619,-0.6729,-1.0,-1.0,-1.0,-1.0,-1.0,-1.0,-1.0,-1.0,-1.0,-1.0,-1.0,-1.0,-1.0,-1.0,-1.0,-1.0,-1.0,-1.0,-1.0,-1.0,-1.0,-1.0,11.603376656146072,9.359391930005975,-1.0,-1.0,7.816980814863008,-1.0,-1.0,-1.0,-1.0,-1.0,-1.0,-1.0,-1.0,-1.0,-1.0,-1.0,-1.0,-1.0,-1.0,-1.0,-1.0,-1.0,-1.0,-1.0,-1.0,-1.0,-1.0,-1.0,-1.0,-1.0,-1.0,-1.0,-1.0,-1.0,-1.0,-1.0,-1.0,-1.0,-1.0,-1.0,-1.0,-1.037232477759258,-0.7299511184880596,-4.867380809543824
135,0.27,0.309514440010959,0.21297403137990764,1.3069771728355175,-1.037232477759258,-0.7299511184880596,-7.5160808095438245,0.05136623916533847,0.245,0.0427,0.8967,0.9674,0.0627,-0.1849,0.1616,0.449,0.2002,0.0287,0.8581,-0.6549,0.0954,-0.1938,-0.115,-0.8074,0.7308,-0.1125,0.164,-1.2578,-0.892,0.6489,0.3807,-0.0189,-0.0265,0.0117,0.0478,0.7215,-0.7946,-0.0084,-0.1136,-0.1707,-0.1469,-0.0047,0.0594,-0.0031,-0.6938,0.4474,0.3876,-2.2259,0.2655,-0.722,-1.999,2.0621,1.2041,4.3878,1.3928,-6.6804,-3.1143,2.9865,3.8017,0.244,1.6891,-4.4328,-0.9846,2.2626,-1.3099,0.2569,-0.313,0.2188,0.2811,-0.1084,-2.77,7.6385,0.1943,1.3493,-0.6439,-1.0,-1.0,-1.0,-1.0,-1.0,-1.0,-1.0,-1.0,-1.0,-1.0,-1.0,-1.0,-1.0,-1.0,-1.0,-1.0,-1.0,-1.0,-1.0,-1.0,-1.0,-1.0,11.413857547214159,8.726840851738153,-1.0,-1.0,7.609749218072702,-1.0,-1.0,-1.0,-1.0,-1.0,-1.0,-1.0,-1.0,-1.0,-1.0,-1.0,-1.0,-1.0,-1.0,-1.0,-1.0,-1.0,-1.0,-1.0,-1.0,-1.0,-1.0,-1.0,-1.0,-1.0,-1.0,-1.0,-1.0,-1.0,-1.0,-1.0,-1.0,-1.0,-1.0,-1.0,-1.0,-1.037232477759258,-0.7299511184880596,-4.867380809543824
136,0.272,0.3074399750554405,0.21151412914293152,1.29192539121643,-1.037232477759258,-0.7299511184880596,-7.535700809543824,0.05136623916533847,0.2451,0.0426,0.8954,0.9678,0.0633,-0.1843,0.1596,0.4494,0.1981,0.025,0.8633,-0.6548,0.1041,-0.1909,-0.1284,-0.8125,0.7376,-0.1047,0.1644,-1.2543,-0.9003,0.6461,0.3846,-0.022,-0.0259,0.0109,0.0482,0.7215,-0.7939,-0.0137,-0.098,-0.1703,-0.1441,-0.0059,0.0516,-0.0359,-0.6493,0.3303,0.4547,-2.1105,0.1971,-1.0839,-1.8352,2.599,0.0554,4.3092,1.481,-6.6907,-2.5759,3.4201,3.8713,0.1811,1.7138,-4.1903,-1.3904,1.9824,-1.5293,0.2761,-0.3957,0.1925,-0.0108,0.3195,-2.6567,7.8023,0.2069,1.4109,-0.5825,-1.0,-1.0,-1.0,-1.0,-1.0,-1.0,-1.0,-1.0,-1.0,-1.0,-1.0,-1.0,-1.0,-1.0,-1.0,-1.0,-1.0,-1.0,-1.0,-1.0,-1.0,-1.0,11.075955690872515,8.128758583811695,-1.0,-1.0,7.369513938946464,-1.0,-1.0,-1.0,-1.0,-1.0,-1.0,-1.0,-1.0,-1.0,-1.0,-1.0,-1.0,-1.0,-1.0,-1.0,-1.0,-1.0,-1.0,-1.0,-1.0,-1.0,-1.0,-1.0,-1.0,-1.0,-1.0,-1.0,-1.0,-1.0,-1.0,-1.0,-1.0,-1.0,-1.0,-1.0,-1.0,-1.037232477759258,-0.7299511184880596,-4.867380809543824
137,0.274,0.30536551009992197,0.2100542269059554,1.2768343695973423,-1.037232477759258,-0.7299511184880596,-7.555320809543824,0.05136623916533847,0.2451,0.0425,0.8942,0.9682,0.0638,-0.1837,0.1577,0.4496,0.1953,0.0216,0.8692,-0.6565,0.1126,-0.1876,-0.1417,-0.8166,0.7453,-0.0968,0.1646,-1.2508,-0.9082,0.6425,0.388,-0.0254,-0.0254,0.01,0.0485,0.7209,-0.7925,-0.0186,-0.0821,-0.1698,-0.1412,-0.0069,0.0448,-0.0671,-0.6047,0.2159,0.5142,-2.0283,0.1366,-1.3694,-1.6938,2.986,-0.8792,4.2488,1.6085,-6.6504,-2.0445,3.847,3.9337,0.1232,1.7874,-3.9508,-1.8098,1.6994,-1.7283,0.2751,-0.4597,0.1429,-0.2791,0.7107,-2.4407,7.9224,0.2494,1.4508,-0.4846,-1.0,-1.0,-1.0,-1.0,-1.0,-1.0,-1.0,-1.0,-1.0,-1.0,-1.0,-1.0,-1.0,-1.0,-1.0,-1.0,-1.0,-1.0,-1.0,-1.0,-1.0,-1.0,10.623703107927629,7.572704430908724,-1.0,-1.0,7.105849946531109,-1.0,-1.0,-1.0,-1.0,-1.0,-1.0,-1.0,-1.0,-1.0,-1.0,-1.0,-1.0,-1.0,-1.0,-1.0,-1.0,-1.0,-1.0,-1.0,-1.0,-1.0,-1.0,-1.0,-1.0,-1.0,-1.0,-1.0,-1.0,-1.0,-1.0,-1.0,-1.0,-1.0,-1.0,-1.0,-1.0,-1.037232477759258,-0.7299511184880596,-4.867380809543824
138,0.276,0.30329104514440347,0.2085943246689793,1.2617041079782547,-1.037232477759258,-0.7299511184880596,-7.574940809543824,0.05136623916533847,0.2452,0.0423,0.8931,0.9686,0.0642,-0.183,0.1558,0.4498,0.1922,0.0184,0.8757,-0.6598,0.121,-0.1842,-0.1549,-0.8197,0.7535,-0.0888,0.1648,-1.2469,-0.9157,0.638,0.3908,-0.0292,-0.0248,0.009,0.0487,0.7199,-0.7902,-0.0234,-0.0662,-0.1693,-0.1382,-0.0077,0.0388,-0.0938,-0.561,0.1158,0.563,-1.9937,0.0731,-1.5667,-1.6085,3.2391,-1.6597,4.215,1.7199,-6.5874,-1.5459,4.1045,4.0068,0.0755,1.9194,-3.7154,-2.2306,1.417,-1.8745,0.2731,-0.5118,0.1183,-0.5133,1.1322,-2.3887,7.9896,0.271,1.4829,-0.4142,-1.0,-1.0,-1.0,-1.0,-1.0,-1.0,-1.0,-1.0,-1.0,-1.0,-1.0,-1.0,-1.0,-1.0,-1.0,-1.0,-1.0,-1.0,-1.0,-1.0,-1.0,-1.0,10.082154260919731,7.056417454716992,-1.0,-1.0,6.820015673263906,-1.0,-1.0,-1.0,-1.0,-1.0,-1.0,-1.0,-1.0,-1.0,-1.0,-1.0,-1.0,-1.0,-1.0,-1.0,-1.0,-1.0,-1.0,-1.0,-1.0,-1.0,-1.0,-1.0,-1.0,-1.0,-1.0,-1.0,-1.0,-1.0,-1.0,-1.0,-1.0,-1.0,-1.0,-1.0,-1.0,-1.037232477759258,-0.7299511184880596,-4.867380809543824
139,0.278,0.3012165801888849,0.20713442243200317,1.246534606359167,-1.037232477759258,-0.7299511184880596,-7.594560809543824,0.05136623916533847,0.2453,0.0421,0.8921,0.969,0.0645,-0.1822,0.154,0.4498,0.1888,0.0153,0.8825,-0.6644,0.1294,-0.1805,-0.1679,-0.8218,0.7622,-0.0807,0.1648,-1.2427,-0.9226,0.6327,0.3931,-0.0332,-0.0243,0.0079,0.0489,0.7184,-0.7872,-0.028,-0.0501,-0.1686,-0.1352,-0.0084,0.0333,-0.1189,-0.5177,0.0189,0.6063,-1.9904,0.0146,-1.7084,-1.5465,3.3882,-2.2954,4.1949,1.8547,-6.4876,-1.0532,4.3206,4.0737,0.0316,2.0913,-3.4798,-2.6571,1.1351,-2.0034,0.2644,-0.5522,0.0866,-0.7271,1.528,-2.282,8.0106,0.3021,1.5021,-0.3342,-1.0,-1.0,-1.0,-1.0,-1.0,-1.0,-1.0,-1.0,-1.0,-1.0,-1.0,-1.0,-1.0,-1.0,-1.0,-1.0,-1.0,-1.0,-1.0,-1.0,-1.0,-1.0,9.507498185327247,-1.0,-1.0,-1.0,-1.0,-1.0,-1.0,-1.0,-1.0,-1.0,-1.0,-1.0,-1.0,-1.0,-1.0,-1.0,-1.0,-1.0,-1.0,-1.0,-1.0,-1.0,-1.0,-1.0,-1.0,-1.0,-1.0,-1.0,-1.0,-1.0,-1.0,-1.0,-1.0,-1.0,-1.0,-1.0,-1.0,-1.0,-1.0,-1.0,-1.0,-1.037232477759258,-0.7299511184880596,-4.867380809543824
140,0.28,0.2991421152333664,0.20567452019502705,1.2313258647400793,-1.037232477759258,-0.7299511184880596,-7.614180809543824,0.05136623916533847,0.2453,0.0418,0.8911,0.9694,0.0647,-0.1815,0.152,0.4497,0.1852,0.0123,0.8894,-0.6701,0.1378,-0.1765,-0.1806,-0.823,0.7712,-0.0724,0.1648,-1.2382,-0.9291,0.6265,0.3948,-0.0374,-0.0238,0.0067,0.049,0.7166,-0.7834,-0.0322,-0.0342,-0.168,-0.1322,-0.0089,0.0281,-0.1426,-0.4746,-0.0744,0.6457,-2.0152,-0.0394,-1.8033,-1.5066,3.4498,-2.8092,4.1892,2.0081,-6.3582,-0.5666,4.4965,4.1346,-0.0087,2.298,-3.2436,-3.087,0.8543,-2.1168,0.2501,-0.5823,0.0488,-0.9211,1.8981,-2.1192,7.9845,0.3413,1.5099,-0.2461,-1.0,-1.0,-1.0,-1.0,-1.0,-1.0,-1.0,-1.0,-1.0,-1.0,-1.0,-1.0,-1.0,-1.0,-1.0,-1.0,-1.0,-1.0,-1.0,-1.0,-1.0,-1.0,8.920251552339543,-1.0,-1.0,-1.0,-1.0,-1.0,-1.0,-1.0,-1.0,-1.0,-1.0,-1.0,-1.0,-1.0,-1.0,-1.0,-1.0,-1.0,-1.0,-1.0,-1.0,-1.0,-1.0,-1.0,-1.0,-1.0,-1.0,-1.0,-1.0,-1.0,-1.0,-1.0,-1.0,-1.0,-1.0,-1.0,-1.0,-1.0,-1.0,-1.0,-1.0,-1.037232477759258,-0.7299511184880596,-4.867380809543824
141,0.282,0.29706765027784793,0.20421461795805093,1.2160778831209917,-1.037232477759258,-0.7299511184880596,-7.633800809543825,0.05136623916533847,0.2454,0.0415,0.8903,0.9699,0.0648,-0.1807,0.15,0.4495,0.1814,0.0093,0.8963,-0.6765,0.1462,-0.1721,-0.193,-0.8231,0.7804,-0.064,0.1647,-1.2331,-0.9351,0.6195,0.396,-0.0418,-0.0234,0.0055,0.049,0.7144,-0.7789,-0.0361,-0.0184,-0.1672,-0.1292,-0.0092,0.023,-0.1649,-0.432,-0.1632,0.6822,-2.0652,-0.0897,-1.8587,-1.488,3.438,-3.2204,4.1989,2.1759,-6.2049,-0.0869,4.6329,4.1901,-0.0454,2.5353,-3.0066,-3.5179,0.5754,-2.2157,0.2309,-0.6036,0.0059,-1.0935,2.2539,-1.9399,7.9077,0.3872,1.5075,-0.1508,-1.0,-1.0,-1.0,-1.0,-1.0,-1.0,6.880585019126941,-1.0,-1.0,-1.0,-1.0,-1.0,-1.0,-1.0,-1.0,-1.0,-1.0,-1.0,-1.0,-1.0,-1.0,-1.0,8.345309358485911,-1.0,-1.0,-1.0,-1.0,-1.0,-1.0,-1.0,-1.0,-1.0,-1.0,-1.0,-1.0,-1.0,-1.0,-1.0,-1.0,-1.0,-1.0,-1.0,-1.0,-1.0,-1.0,-1.0,-1.0,-1.0,-1.0,-1.0,-1.0,-1.0,-1.0,-1.0,-1.0,-1.0,-1.0,-1.0,-1.0,-1.0,-1.0,-1.0,-1.0,-1.037232477759258,-0.7299511184880596,-4.867380809543824
142,0.284,0.2949931853223294,0.2027547157210748,1.200790661501904,-1.037232477759258,-0.7299511184880596,-7.6534208095438245,0.05136623916533847,0.2454,0.0411,0.8895,0.9703,0.0648,-0.1799,0.148,0.4493,0.1776,0.0064,0.9032,-0.6834,0.154,-0.1674,-0.205,-0.8224,0.7897,-0.0556,0.1645,-1.2275,-0.9406,0.6117,0.3965,-0.0465,-0.0229,0.0043,0.0489,0.7119,-0.7737,-0.0397,-0.0027,-0.1663,-0.1261,-0.0093,0.0178,-0.1859,-0.3898,-0.2464,0.7159,-2.141,-0.1319,-1.9346,-1.4568,3.4562,-3.4652,3.9258,2.3567,-5.9893,0.3781,4.6299,4.2362,-0.0817,2.7993,-2.7597,-3.9106,0.2795,-2.3043,0.2169,-0.6239,-0.0262,-1.2551,2.6088,-1.7919,7.8414,0.4228,1.5073,-0.0706,-1.0,-1.0,-1.0,-1.0,-1.0,-1.0,7.447309726016776,-1.0,-1.0,-1.0,-1.0,-1.0,-1.0,-1.0,-1.0,-1.0,-1.0,-1.0,-1.0,-1.0,-1.0,-1.0,7.803476624128105,-1.0,-1.0,-1.0,-1.0,-1.0,-1.0,-1.0,-1.0,-1.0,-1.0,-1.0,-1.0,-1.0,-1.0,-1.0,-1.0,-1.0,-1.0,-1.0,-1.0,-1.0,-1.0,-1.0,-1.0,-1.0,-1.0,-1.0,-1.0,-1.0,-1.0,-1.0,-1.0,-1.0,-1.0,-1.0,-1.0,-1.0,-1.0,-1.0,-1.0,-1.037232477759258,-0.7299511184880596,-4.867380809543824
143,0.286,0.2929187203668109,0.2012948134840987,1.1854641998828164,-1.037232477759258,-0.7299511184880596,-7.673040809543824,0.05136623916533847,0.2455,0.0407,0.8888,0.9708,0.0648,-0.1791,0.1458,0.449,0.1736,0.0035,0.91,-0.6907,0.1614,-0.1624,-0.2165,-0.8207,0.7988,-0.047,0.1643,-1.2213,-0.9457,0.6031,0.3965,-0.0512,-0.0225,0.003,0.0488,0.7091,-0.7678,-0.0429,0.0128,-0.1654,-0.1231,-0.0093,0.0128,-0.2058,-0.3486,-0.3246,0.7471,-2.2242,-0.1681,-1.9807,-1.4385,3.4163,-3.6489,3.6806,2.5197,-5.7657,0.8291,4.5689,4.277,-0.1154,3.0708,-2.5059,-4.2707,-0.0282,-2.3789,0.2013,-0.6378,-0.0584,-1.4036,2.9477,-1.6265,7.7591,0.4593,1.4985,0.0084,-1.0,-1.0,-1.0,-1.0,-1.0,-1.0,8.089679839184555,-1.0,-1.0,-1.0,-1.0,-1.0,-1.0,-1.0,-1.0,-1.0,-1.0,-1.0,-1.0,-1.0,-1.0,-1.0,7.290190209358392,-1.0,-1.0,-1.0,-1.0,-1.0,-1.0,-1.0,-1.0,-1.0,-1.0,-1.0,-1.0,-1.0,-1.0,-1.0,-1.0,-1.0,-1.0,-1.0,-1.0,-1.0,-1.0,-1.0,-1.0,-1.0,-1.0,-1.0,-1.0,-1.0,-1.0,-1.0,-1.0,-1.0,-1.0,-1.0,-1.0,-1.0,-1.0,-1.0,-1.0,-1.037232477759258,-0.7299511184880596,-4.867380809543824
144,0.288,0.29084425541129233,0.19983491124712258,1.1700984982637286,-1.037232477759258,-0.7299511184880596,-7.692660809543824,0.05136623916533847,0.2455,0.0402,0.8882,0.9713,0.0647,-0.1783,0.1435,0.4486,0.1696,0.0007,0.9167,-0.6983,0.1683,-0.157,-0.2276,-0.8182,0.8077,-0.0384,0.164,-1.2146,-0.9502,0.5939,0.3958,-0.0561,-0.0221,0.0017,0.0486,0.706,-0.7612,-0.0458,0.0282,-0.1644,-0.1202,-0.0091,0.008,-0.2249,-0.3085,-0.3987,0.7767,-2.3146,-0.2,-2.007,-1.4292,3.3371,-3.7736,3.4543,2.6676,-5.5379,1.2682,4.4587,4.3123,-0.1468,3.3503,-2.247,-4.5988,-0.3478,-2.441,0.1843,-0.6462,-0.0907,-1.5399,3.2783,-1.4675,7.6757,0.4963,1.4816,0.0866,-1.0,-1.0,-1.0,-1.0,-1.0,-1.0,8.798501500314803,-1.0,-1.0,-1.0,-1.0,-1.0,-1.0,-1.0,-1.0,-1.0,-1.0,-1.0,-1.0,-1.0,-1.0,-1.0,6.816475400037958,-1.0,-1.0,-1.0,-1.0,-1.0,-1.0,-1.0,-1.0,-1.0,-1.0,-1.0,-1.0,-1.0,-1.0,-1.0,-1.0,-1.0,-1.0,-1.0,-1.0,-1.0,-1.0,-1.0,-1.0,-1.0,-1.0,-1.0,-1.0,-1.0,-1.0,-1.0,-1.0,-1.0,-1.0,-1.0,-1.0,-1.0,-1.0,-1.0,-1.0,-1.037232477759258,-0.7299511184880596,-4.867380809543824
145,0.29,0.2887697904557739,0.19837500901014649,1.1546935566446415,-1.037232477759258,-0.7299511184880596,-7.712280809543824,0.05136623916533847,0.2455,0.0397,0.8876,0.9718,0.0646,-0.1774,0.1412,0.4481,0.1656,-0.0022,0.9231,-0.706,0.1748,-0.1514,-0.2382,-0.8148,0.8163,-0.0297,0.1637,-1.2074,-0.9541,0.5841,0.3944,-0.0611,-0.0218,0.0004,0.0484,0.7027,-0.754,-0.0485,0.0434,-0.1634,-0.1173,-0.0088,0.0032,-0.2432,-0.2697,-0.4687,0.8045,-2.4096,-0.228,-2.0153,-1.4284,3.2228,-3.8553,3.2507,2.7996,-5.3077,1.6951,4.3057,4.342,-0.1758,3.6357,-1.9836,-4.8949,-0.6792,-2.4925,0.1661,-0.6501,-0.1229,-1.6633,3.601,-1.3146,7.5916,0.5337,1.4577,0.164,-1.0,-1.0,-1.0,-1.0,-1.0,-1.0,9.571616487703576,-1.0,-1.0,-1.0,-1.0,-1.0,-1.0,-1.0,-1.0,-1.0,-1.0,-1.0,-1.0,-1.0,-1.0,-1.0,-1.0,-1.0,-1.0,-1.0,-1.0,-1.0,-1.0,-1.0,-1.0,-1.0,-1.0,-1.0,-1.0,-1.0,-1.0,-1.0,-1.0,-1.0,-1.0,-1.0,-1.0,-1.0,-1.0,-1.0,-1.0,-1.0,-1.0,-1.0,-1.0,-1.0,-1.0,-1.0,-1.0,-1.0,-1.0,-1.0,-1.0,-1.0,-1.0,-1.0,-1.0,-1.037232477759258,-0.7299511184880596,-4.867380809543824
146,0.292,0.2866953255002554,0.19691510677317037,1.1392493750255537,-1.037232477759258,-0.7299511184880596,-7.7319008095438235,0.05136623916533847,0.2455,0.0392,0.8872,0.9724,0.0644,-0.1765,0.1387,0.4476,0.1616,-0.0051,0.9293,-0.7138,0.1809,-0.1456,-0.2483,-0.8106,0.8243,-0.021,0.1632,-1.1995,-0.9576,0.5738,0.3924,-0.0661,-0.0215,-0.0009,0.0481,0.6991,-0.7462,-0.0508,0.0584,-0.1622,-0.1144,-0.0083,-0.0024,-0.2581,-0.2325,-0.5218,0.835,-2.5097,-0.254,-2.0059,-1.456,3.0774,-3.8912,3.0725,2.9069,-5.0491,2.0821,3.9947,4.3674,-0.2126,3.9298,-1.7272,-5.1621,-1.0178,-2.5242,0.1558,-0.6506,-0.1467,-1.7688,3.8835,-1.1475,7.5062,0.5629,1.4358,0.2304,-1.0,-1.0,-1.0,-1.0,-1.0,-1.0,10.40077805946555,-1.0,-1.0,-1.0,-1.0,-1.0,-1.0,-1.0,-1.0,-1.0,-1.0,-1.0,-1.0,-1.0,-1.0,-1.0,-1.0,-1.0,-1.0,-1.0,-1.0,-1.0,-1.0,-1.0,-1.0,-1.0,-1.0,-1.0,-1.0,-1.0,-1.0,-1.0,-1.0,-1.0,-1.0,-1.0,-1.0,-1.0,-1.0,-1.0,-1.0,-1.0,-1.0,-1.0,-1.0,-1.0,-1.0,-1.0,-1.0,-1.0,-1.0,-1.0,-1.0,-1.0,-1.0,-1.0,-1.0,-1.037232477759258,-0.7299511184880596,-4.867380809543824
147,0.294,0.28462086054473684,0.19545520453619425,1.1237659534064661,-1.037232477759258,-0.7299511184880596,-7.751520809543823,0.05136623916533847,0.2455,0.0387,0.8868,0.9729,0.0642,-0.1756,0.1361,0.447,0.1574,-0.0081,0.9354,-0.7213,0.1857,-0.1396,-0.2579,-0.8058,0.8316,-0.0122,0.1627,-1.191,-0.9605,0.563,0.3897,-0.0712,-0.0212,-0.0022,0.0478,0.6954,-0.738,-0.0527,0.0732,-0.1611,-0.1116,-0.0077,-0.0091,-0.2693,-0.1943,-0.5568,0.8618,-2.6306,-0.2796,-2.059,-1.5298,3.0465,-3.7665,2.3752,3.0148,-4.7928,2.4317,3.6216,4.3869,-0.2501,4.2384,-1.4596,-5.3982,-1.3556,-2.5515,0.1454,-0.6463,-0.1689,-1.8687,4.1339,-0.9729,7.418,0.5907,1.4105,0.2927,-1.0,-1.0,-1.0,-1.0,-1.0,-1.0,11.237210439434895,-1.0,-1.0,-1.0,-1.0,-1.0,-1.0,-1.0,-1.0,-1.0,-1.0,-1.0,-1.0,-1.0,-1.0,-1.0,-1.0,-1.0,-1.0,-1.0,-1.0,-1.0,-1.0,-1.0,-1.0,-1.0,-1.0,-1.0,-1.0,-1.0,-1.0,-1.0,-1.0,-1.0,-1.0,-1.0,-1.0,-1.0,-1.0,-1.0,-1.0,-1.0,-1.0,-1.0,-1.0,-1.0,-1.0,-1.0,-1.0,-1.0,-1.0,-1.0,-1.0,-1.0,-1.0,-1.0,-1.0,-1.037232477759258,-0.7299511184880596,-4.867380809543824
148,0.296,0.28254639558921835,0.19399530229921813,1.1082432917873783,-1.037232477759258,-0.7299511184880596,-7.771140809543824,0.05136623916533847,0.2454,0.0381,0.8865,0.9735,0.064,-0.1746,0.1334,0.4464,0.1533,-0.0113,0.9413,-0.7286,0.1893,-0.1334,-0.2669,-0.8002,0.838,-0.0034,0.1622,-1.182,-0.9629,0.5518,0.3863,-0.0764,-0.0209,-0.0035,0.0474,0.6915,-0.7293,-0.0543,0.0879,-0.1598,-0.1088,-0.007,-0.0153,-0.2793,-0.1577,-0.5877,0.8873,-2.7475,-0.2998,-2.0863,-1.5987,2.9705,-3.6294,1.796,3.1042,-4.5297,2.7644,3.2042,4.3991,-0.288,4.5377,-1.1898,-5.611,-1.6936,-2.5708,0.1351,-0.6402,-0.1898,-1.9614,4.3536,-0.7906,7.3279,0.6172,1.3818,0.3513,-1.0,-1.0,-1.0,-1.0,-1.0,-1.0,12.010897334076292,-1.0,-1.0,-1.0,-1.0,-1.0,-1.0,-1.0,-1.0,-1.0,-1.0,-1.0,-1.0,-1.0,-1.0,-1.0,-1.0,-1.0,-1.0,-1.0,-1.0,-1.0,-1.0,-1.0,-1.0,-1.0,-1.0,-1.0,-1.0,-1.0,-1.0,-1.0,-1.0,-1.0,-1.0,-1.0,-1.0,-1.0,-1.0,-1.0,-1.0,-1.0,-1.0,-1.0,-1.0,-1.0,-1.0,-1.0,-1.0,-1.0,-1.0,-1.0,-1.0,-1.0,-1.0,-1.0,-1.0,-1.037232477759258,-0.7299511184880596,-4.867380809543824
149,0.298,0.2804719306336998,0.192535400062242,1.0926813901682908,-1.037232477759258,-0.7299511184880596,-7.790760809543824,0.05136623916533847,0.2454,0.0375,0.8862,0.974,0.0638,-0.1736,0.1305,0.4458,0.1491,-0.0147,0.947,-0.7355,0.1919,-0.127,-0.2755,-0.7941,0.8435,0.0054,0.1615,-1.1723,-0.9647,0.5402,0.3822,-0.0815,-0.0207,-0.0048,0.047,0.6874,-0.7202,-0.0555,0.1023,-0.1585,-0.1061,-0.0062,-0.0211,-0.2882,-0.1225,-0.6138,0.9115,-2.8593,-0.3153,-2.0925,-1.664,2.8576,-3.4812,1.3201,3.1789,-4.2601,3.0787,2.7538,4.4035,-0.3263,4.8272,-0.9186,-5.8025,-2.0305,-2.5833,0.1249,-0.6323,-0.2097,-2.0471,4.5475,-0.6027,7.2362,0.6427,1.3503,0.4069,-1.0,-1.0,-1.0,-1.0,-1.0,-1.0,12.654993002943698,-1.0,-1.0,-1.0,-1.0,-1.0,-1.0,-1.0,-1.0,-1.0,-1.0,-1.0,-1.0,-1.0,-1.0,-1.0,-1.0,-1.0,-1.0,-1.0,-1.0,-1.0,-1.0,-1.0,-1.0,-1.0,-1.0,-1.0,-1.0,-1.0,-1.0,-1.0,-1.0,-1.0,-1.0,-1.0,-1.0,-1.0,-1.0,-1.0,-1.0,-1.0,-1.0,-1.0,-1.0,-1.0,-1.0,-1.0,-1.0,-1.0,-1.0,-1.0,-1.0,-1.0,-1.0,-1.0,-1.0,-1.037232477759258,-0.7299511184880596,-4.867380809543824
150,0.3,0.2783974656781813,0.19107549782526587,1.077080248549203,-1.037232477759258,-0.7299511184880596,-7.810380809543824,0.05136623916533847,0.2453,0.037,0.886,0.9746,0.0635,-0.1726,0.1276,0.4448,0.145,-0.0183,0.9522,-0.7425,0.1926,-0.1205,-0.2835,-0.7873,0.8479,0.0142,0.1608,-1.162,-0.966,0.5283,0.3775,-0.0867,-0.0205,-0.006,0.0465,0.6831,-0.7108,-0.0563,0.1166,-0.1572,-0.1035,-0.0053,-0.0291,-0.2944,-0.0893,-0.6321,0.9392,-3.0039,-0.474,-2.0392,-1.8231,2.6073,-3.4676,0.3454,3.2623,-4.0071,3.3682,2.221,4.404,-0.3662,5.1407,-0.6493,-5.959,-2.3713,-2.5909,0.1157,-0.6227,-0.2274,-2.1359,4.7089,-0.4018,7.1423,0.6659,1.3192,0.4571,-1.0,-1.0,-1.0,-1.0,-1.0,-1.0,13.069990324871867,-1.0,-1.0,-1.0,-1.0,-1.0,-1.0,-1.0,-1.0,-1.0,-1.0,-1.0,-1.0,-1.0,-1.0,-1.0,-1.0,-1.0,-1.0,-1.0,-1.0,-1.0,-1.0,-1.0,-1.0,-1.0,-1.0,-1.0,-1.0,-1.0,-1.0,-1.0,-1.0,-1.0,-1.0,-1.0,-1.0,-1.0,-1.0,-1.0,-1.0,-1.0,-1.0,-1.0,-1.0,-1.0,-1.0,-1.0,-1.0,-1.0,-1.0,-1.0,-1.0,-1.0,-1.0,-1.0,-1.0,-1.037232477759258,-0.7299511184880596,-4.867380809543824
151,0.302,0.2763230007226628,0.18961559558828975,1.0614398669301155,-1.037232477759258,-0.7299511184880596,-7.830000809543824,0.05136623916533847,0.2453,0.0364,0.8859,0.9752,0.0633,-0.1715,0.1245,0.4435,0.141,-0.0222,0.957,-0.7493,0.1915,-0.114,-0.2909,-0.78,0.851,0.023,0.16,-1.1513,-0.9667,0.5161,0.3721,-0.0919,-0.0202,-0.0072,0.046,0.6786,-0.7011,-0.0567,0.1307,-0.1558,-0.1009,-0.0043,-0.0362,-0.2993,-0.0565,-0.6515,0.9662,-3.0834,-0.6576,-1.9949,-1.9549,2.3589,-3.4016,-0.541,3.2382,-3.7091,3.6542,1.5172,4.4099,-0.413,5.3586,-0.3668,-6.0752,-2.7059,-2.5926,0.1132,-0.6044,-0.247,-2.2431,4.8124,-0.2056,7.0456,0.6813,1.2891,0.4957,-1.0,-1.0,-1.0,-1.0,-1.0,-1.0,13.18679118310977,-1.0,-1.0,-1.0,-1.0,-1.0,-1.0,-1.0,-1.0,-1.0,-1.0,-1.0,-1.0,-1.0,-1.0,-1.0,-1.0,-1.0,-1.0,-1.0,-1.0,-1.0,-1.0,-1.0,-1.0,-1.0,-1.0,-1.0,-1.0,-1.0,-1.0,-1.0,-1.0,-1.0,-1.0,-1.0,-1.0,-1.0,-1.0,-1.0,-1.0,-1.0,-1.0,-1.0,-1.0,-1.0,-1.0,-1.0,-1.0,-1.0,-1.0,-1.0,-1.0,-1.0,-1.0,-1.0,-1.0,-1.037232477759258,-0.7299511184880596,-4.867380809543824
152,0.304,0.27424853576714425,0.18815569335131363,1.0457602453110277,-1.037232477759258,-0.7299511184880596,-7.849620809543824,0.05136623916533847,0.2452,0.0358,0.8859,0.9758,0.0631,-0.1705,0.1214,0.4418,0.1372,-0.0264,0.9611,-0.7559,0.1888,-0.1076,-0.2977,-0.7722,0.8525,0.0319,0.159,-1.1402,-0.9669,0.5038,0.366,-0.0971,-0.02,-0.0084,0.0455,0.674,-0.6914,-0.0567,0.1446,-0.1545,-0.0984,-0.0032,-0.0425,-0.3024,-0.0245,-0.6623,0.9891,-3.1605,-0.8476,-1.9289,-2.0968,2.0854,-3.3133,-1.3533,3.1994,-3.4052,3.9118,0.7714,4.4078,-0.4639,5.576,-0.0842,-6.174,-3.0412,-2.5894,0.1109,-0.5862,-0.2643,-2.3364,4.8932,-0.0157,6.946,0.6956,1.2575,0.5314,-1.0,-1.0,-1.0,-1.0,-1.0,-1.0,12.950734514459572,-1.0,-1.0,-1.0,-1.0,-1.0,-1.0,-1.0,-1.0,-1.0,-1.0,-1.0,-1.0,-1.0,-1.0,-1.0,-1.0,-1.0,-1.0,-1.0,-1.0,-1.0,-1.0,-1.0,-1.0,-1.0,-1.0,-1.0,-1.0,-1.0,-1.0,-1.0,-1.0,-1.0,-1.0,-1.0,-1.0,-1.0,-1.0,-1.0,-1.0,-1.0,-1.0,-1.0,-1.0,-1.0,-1.0,-1.0,-1.0,-1.0,-1.0,-1.0,-1.0,-1.0,-1.0,-1.0,-1.0,-1.037232477759258,-0.7299511184880596,-4.867380809543824
