step,time,obst_px,obst_py,obst_pz,obst_vx,obst_vy,obst_vz,obst_radius,qpos_0,qpos_1,qpos_2,qpos_3,qpos_4,qpos_5,qpos_6,qpos_7,qpos_8,qpos_9,qpos_10,qpos_11,qpos_12,qpos_13,qpos_14,qpos_15,qpos_16,qpos_17,qpos_18,qpos_19,qpos_20,qpos_21,qpos_22,qpos_23,qpos_24,qpos_25,qpos_26,qpos_27,qpos_28,qpos_29,qpos_30,qpos_31,qpos_32,qpos_33,qvel_0,qvel_1,qvel_2,qvel_3,qvel_4,qvel_5,qvel_6,qvel_7,qvel_8,qvel_9,qvel_10,qvel_11,qvel_12,qvel_13,qvel_14,qvel_15,qvel_16,qvel_17,qvel_18,qvel_19,qvel_20,qvel_21,qvel_22,qvel_23,qvel_24,qvel_25,qvel_26,qvel_27,qvel_28,qvel_29,qvel_30,qvel_31,qvel_32,cap_site_0_head_sensor_0,cap_site_1_head_sensor_1,cap_site_2_head_sensor_2,cap_site_3_head_sensor_3,cap_site_4_head_sensor_4,cap_site_5_head_sensor_5,cap_site_6_torso_sensor_0,cap_site_7_torso_sensor_1,cap_site_8_torso_sensor_2,cap_site_9_torso_sensor_3,cap_site_10_torso_sensor_4,cap_site_11_torso_sensor_5,cap_site_12_torso_sensor_6,cap_site_13_torso_sensor_7,cap_site_14_torso_sensor_8,cap_site_15_torso_sensor_9,cap_site_16_torso_sensor_10,cap_site_17_left_shoulder_roll_sensor_0,cap_site_18_left_shoulder_roll_sensor_1,cap_site_19_left_shoulder_roll_sensor_2,cap_site_20_left_shoulder_roll_sensor_3,cap_site_21_left_shoulder_roll_sensor_4,cap_site_22_left_shoulder_roll_sensor_5,cap_site_23_left_shoulder_roll_sensor_6,cap_site_24_left_shoulder_roll_sensor_7,cap_site_25_left_shoulder_yaw_sensor_0,cap_site_26_left_shoulder_yaw_sensor_1,cap_site_27_left_shoulder_yaw_sensor_2,cap_site_28_left_shoulder_yaw_sensor_3,cap_site_29_left_shoulder_yaw_sensor_4,cap_site_30_left_shoulder_yaw_sensor_5,cap_site_31_left_elbow_sensor_0,cap_site_32_left_elbow_sensor_1,cap_site_33_left_elbow_sensor_2,cap_site_34_left_elbow_sensor_3,cap_site_35_left_elbow_sensor_4,cap_site_36_left_elbow_sensor_5,cap_site_37_left_elbow_sensor_6,cap_site_38_left_elbow_sensor_7,cap_site_39_left_elbow_sensor_8,cap_site_41_right_shoulder_roll_sensor_0,cap_site_42_right_shoulder_roll_sensor_1,cap_site_43_right_shoulder_roll_sensor_2,cap_site_44_right_shoulder_roll_sensor_3,cap_site_45_right_shoulder_roll_sensor_4,cap_site_46_right_shoulder_roll_sensor_5,cap_site_47_right_shoulder_roll_sensor_6,cap_site_48_right_shoulder_roll_sensor_7,cap_site_49_right_shoulder_yaw_sensor_0,cap_site_50_right_shoulder_yaw_sensor_1,cap_site_51_right_shoulder_yaw_sensor_2,cap_site_52_right_shoulder_yaw_sensor_3,cap_site_53_right_shoulder_yaw_sensor_4,cap_site_54_right_shoulder_yaw_sensor_5,cap_site_55_right_elbow_sensor_0,cap_site_56_right_elbow_sensor_1,cap_site_57_right_elbow_sensor_2,cap_site_58_right_elbow_sensor_3,cap_site_59_right_elbow_sensor_4,cap_site_60_right_elbow_sensor_5,cap_site_61_right_elbow_sensor_6,cap_site_62_right_elbow_sensor_7,cap_site_63_right_elbow_sensor_8,cmd_vx,cmd_vy,cmd_vz
1,0.002,0.2997728662030492,1.0395386273576963,1.6430911182299308,0.1235561524697683,-5.685245955316629,0.7540387566950906,0.06177166380587795,0.19,0.0,1.028,1.0,0.0,0.0001,0.0,0.0004,-0.0005,0.0,0.0003,0.0003,-0.0004,-0.0009,-0.0004,0.0001,0.0,0.0004,-0.0003,0.0,0.0004,0.0,0.0002,0.0002,-0.0001,0.0001,0.0001,0.0002,-0.0001,0.0002,0.0004,-0.0001,0.0001,0.0001,-0.005,-0.0011,0.0075,-0.0057,0.0967,0.0399,0.2033,-0.2305,0.0054,0.1256,0.1403,-0.2087,-0.4313,-0.1807,0.0254,-0.0007,0.1987,-0.1624,-0.0057,0.176,0.0238,0.0768,0.109,-0.0415,0.0362,0.0414,0.0843,-0.0464,0.1001,0.2125,-0.0521,0.0568,0.0327,-1.0,-1.0,-1.0,-1.0,-1.0,-1.0,-1.0,-1.0,-1.0,-1.0,-1.0,-1.0,-1.0,-1.0,-1.0,-1.0,-1.0,-1.0,-1.0,-1.0,-1.0,-1.0,-1.0,-1.0,-1.0,-1.0,-1.0,-1.0,-1.0,-1.0,-1.0,-1.0,-1.0,-1.0,-1.0,-1.0,-1.0,-1.0,-1.0,-1.0,-1.0,-1.0,-1.0,-1.0,-1.0,-1.0,-1.0,-1.0,-1.0,-1.0,-1.0,-1.0,-1.0,-1.0,-1.0,-1.0,-1.0,-1.0,-1.0,-1.0,-1.0,-1.0,-1.0,0.1235561524697683,-5.685245955316629,0.7540387566950906
2,0.004,0.3000199785079887,1.028168135447063,1.644579575743321,0.1235561524697683,-5.685245955316629,0.7344187566950906,0.06177166380587795,0.1899,0.0,1.028,1.0,0.0,0.0004,0.0001,0.0013,-0.0017,-0.0001,0.0008,0.0006,-0.0008,-0.0018,-0.0014,0.0001,0.0003,0.0009,-0.0005,0.0,0.0011,-0.0001,0.0003,0.0007,-0.0002,0.0002,0.0001,0.0007,-0.0005,0.0004,0.001,-0.0002,0.0003,0.0001,-0.0229,0.0048,0.0112,0.0044,0.2911,0.0295,0.4241,-0.6087,-0.0304,0.275,0.1823,-0.1978,-0.4736,-0.544,0.019,0.1746,0.2355,-0.1068,0.007,0.3655,-0.0864,0.0635,0.2386,-0.0487,0.0416,0.0257,0.2681,-0.2031,0.0778,0.3088,-0.0632,0.0696,0.0163,-1.0,-1.0,-1.0,-1.0,-1.0,-1.0,-1.0,-1.0,-1.0,-1.0,-1.0,-1.0,-1.0,-1.0,-1.0,-1.0,-1.0,-1.0,-1.0,-1.0,-1.0,-1.0,-1.0,-1.0,-1.0,-1.0,-1.0,-1.0,-1.0,-1.0,-1.0,-1.0,-1.0,-1.0,-1.0,-1.0,-1.0,-1.0,-1.0,-1.0,-1.0,-1.0,-1.0,-1.0,-1.0,-1.0,-1.0,-1.0,-1.0,-1.0,-1.0,-1.0,-1.0,-1.0,-1.0,-1.0,-1.0,-1.0,-1.0,-1.0,-1.0,-1.0,-1.0,0.1235561524697683,-5.685245955316629,0.7540387566950906
3,0.006,0.3002670908129283,1.0167976435364299,1.6460287932567113,0.1235561524697683,-5.685245955316629,0.7147987566950905,0.06177166380587795,0.1899,0.0,1.0281,1.0,0.0,0.0009,0.0001,0.0025,-0.0036,-0.0002,0.0016,0.0011,-0.0012,-0.0028,-0.0031,0.0001,0.0009,0.0014,-0.0007,0.0001,0.0022,-0.0005,0.0004,0.0014,-0.0003,0.0002,0.0002,0.0016,-0.0012,0.0005,0.0018,-0.0004,0.0004,0.0001,-0.0382,0.01,0.0149,0.0166,0.4706,0.0164,0.6237,-0.9484,-0.0669,0.4006,0.219,-0.1805,-0.5014,-0.8478,0.009,0.281,0.2836,-0.0594,0.0291,0.558,-0.1805,0.0501,0.3717,-0.0548,0.0462,0.0124,0.46,-0.3376,0.0562,0.388,-0.0727,0.0803,0.0023,-1.0,-1.0,-1.0,-1.0,-1.0,-1.0,-1.0,-1.0,-1.0,-1.0,-1.0,-1.0,-1.0,-1.0,-1.0,-1.0,-1.0,-1.0,-1.0,-1.0,-1.0,-1.0,-1.0,-1.0,-1.0,-1.0,-1.0,-1.0,-1.0,-1.0,-1.0,-1.0,-1.0,-1.0,-1.0,-1.0,-1.0,-1.0,-1.0,-1.0,-1.0,-1.0,-1.0,-1.0,-1.0,-1.0,-1.0,-1.0,-1.0,-1.0,-1.0,-1.0,-1.0,-1.0,-1.0,-1.0,-1.0,-1.0,-1.0,-1.0,-1.0,-1.0,-1.0,0.1235561524697683,-5.685245955316629,0.7540387566950906
4,0.008,0.3005142031178678,1.0054271516257964,1.6474387707701015,0.1235561524697683,-5.685245955316629,0.6951787566950905,0.06177166380587795,0.1898,0.0001,1.0281,1.0,0.0,0.0015,0.0001,0.0041,-0.0061,-0.0004,0.0026,0.0016,-0.0015,-0.0038,-0.0053,0.0001,0.0016,0.0021,-0.0007,0.0002,0.0037,-0.001,0.0005,0.0025,-0.0004,0.0003,0.0002,0.0029,-0.0021,0.0005,0.0027,-0.0005,0.0006,0.0001,-0.0513,0.0147,0.0183,0.0303,0.6367,0.0017,0.8045,-1.2535,-0.104,0.5045,0.2526,-0.1585,-0.5175,-1.0996,-0.0038,0.328,0.3411,-0.0199,0.0613,0.7451,-0.2609,0.0366,0.5088,-0.0601,0.0503,0.0009,0.6598,-0.4534,0.0349,0.4512,-0.0808,0.0893,-0.0096,-1.0,-1.0,-1.0,-1.0,-1.0,-1.0,-1.0,-1.0,-1.0,-1.0,-1.0,-1.0,-1.0,-1.0,-1.0,-1.0,-1.0,-1.0,-1.0,-1.0,-1.0,-1.0,-1.0,-1.0,-1.0,-1.0,-1.0,-1.0,-1.0,-1.0,-1.0,-1.0,-1.0,-1.0,-1.0,-1.0,-1.0,-1.0,-1.0,-1.0,-1.0,-1.0,-1.0,-1.0,-1.0,-1.0,-1.0,-1.0,-1.0,-1.0,-1.0,-1.0,-1.0,-1.0,-1.0,-1.0,-1.0,-1.0,-1.0,-1.0,-1.0,-1.0,-1.0,0.1235561524697683,-5.685245955316629,0.7540387566950906
5,0.01,0.3007613154228074,0.9940566597151633,1.6488095082834915,0.1235561524697683,-5.685245955316629,0.6755587566950906,0.06177166380587795,0.1896,0.0001,1.0282,1.0,0.0,0.0023,0.0003,0.0046,-0.0089,-0.0003,0.0035,0.0022,-0.0019,-0.0063,-0.0083,0.0004,0.0027,0.0029,0.0,0.0001,0.0054,-0.0017,0.0005,0.0037,-0.0005,0.0005,0.0001,0.0048,-0.0032,0.0006,0.0039,-0.0007,0.0008,0.0,-0.0647,0.0028,0.0262,-0.0648,0.7986,0.2423,0.2404,-1.4296,0.0565,0.4618,0.3195,-0.1902,-1.2082,-1.4844,0.162,0.5835,0.3692,0.3367,-0.0412,0.8441,-0.3312,0.0105,0.6448,-0.0608,0.0596,-0.0077,0.9286,-0.5594,0.0094,0.5977,-0.0836,0.0984,-0.0181,-1.0,-1.0,-1.0,-1.0,-1.0,-1.0,-1.0,-1.0,-1.0,-1.0,-1.0,-1.0,-1.0,-1.0,-1.0,-1.0,-1.0,-1.0,-1.0,-1.0,-1.0,-1.0,-1.0,-1.0,-1.0,-1.0,-1.0,-1.0,-1.0,-1.0,-1.0,-1.0,-1.0,-1.0,-1.0,-1.0,-1.0,-1.0,-1.0,-1.0,-1.0,-1.0,-1.0,-1.0,-1.0,-1.0,-1.0,-1.0,-1.0,-1.0,-1.0,-1.0,-1.0,-1.0,-1.0,-1.0,-1.0,-1.0,-1.0,-1.0,-1.0,-1.0,-1.0,0.1235561524697683,-5.685245955316629,0.7540387566950906
6,0.012,0.3010084277277469,0.98268616780453,1.6501410057968817,0.1235561524697683,-5.685245955316629,0.6559387566950906,0.06177166380587795,0.1895,0.0,1.0282,1.0,-0.0002,0.0032,0.0007,0.0042,-0.012,0.0001,0.0043,0.003,-0.0023,-0.0107,-0.0121,0.0012,0.0043,0.0035,0.001,-0.0001,0.0073,-0.0024,0.0004,0.0053,-0.0007,0.0006,0.0001,0.0072,-0.0045,0.0005,0.0053,-0.0009,0.001,0.0,-0.0728,-0.0103,0.0276,-0.1394,0.9363,0.407,-0.1979,-1.5387,0.1881,0.3679,0.3744,-0.1964,-2.203,-1.8776,0.4109,0.7879,0.3127,0.4977,-0.0783,0.953,-0.3872,-0.0151,0.7811,-0.0616,0.065,-0.0151,1.194,-0.6483,-0.0167,0.7071,-0.0861,0.1055,-0.0253,-1.0,-1.0,-1.0,-1.0,-1.0,-1.0,-1.0,-1.0,-1.0,-1.0,-1.0,-1.0,-1.0,-1.0,-1.0,-1.0,-1.0,-1.0,-1.0,-1.0,-1.0,-1.0,-1.0,-1.0,-1.0,-1.0,-1.0,-1.0,-1.0,-1.0,-1.0,-1.0,-1.0,-1.0,-1.0,-1.0,-1.0,-1.0,-1.0,-1.0,-1.0,-1.0,-1.0,-1.0,-1.0,-1.0,-1.0,-1.0,-1.0,-1.0,-1.0,-1.0,-1.0,-1.0,-1.0,-1.0,-1.0,-1.0,-1.0,-1.0,-1.0,-1.0,-1.0,0.1235561524697683,-5.685245955316629,0.7540387566950906
7,0.014,0.30125554003268645,0.9713156758938968,1.651433263310272,0.1235561524697683,-5.685245955316629,0.6363187566950905,0.06177166380587795,0.1893,0.0,1.0283,1.0,-0.0004,0.0043,0.0012,0.0023,-0.0151,0.001,0.0046,0.0036,-0.0029,-0.0168,-0.0166,0.0026,0.0063,0.004,0.0023,-0.0002,0.0094,-0.0033,0.0004,0.0071,-0.0008,0.0007,0.0001,0.0101,-0.006,0.0004,0.0069,-0.0011,0.0012,-0.0001,-0.0828,-0.0269,0.0205,-0.2421,1.0755,0.5038,-0.9364,-1.5575,0.4519,0.1739,0.3055,-0.3002,-3.0872,-2.2662,0.7002,0.9857,0.2751,0.6409,-0.0503,1.054,-0.4474,-0.0341,0.8914,-0.0623,0.0676,-0.0214,1.4538,-0.739,-0.038,0.7912,-0.088,0.1111,-0.0315,-1.0,-1.0,-1.0,-1.0,-1.0,-1.0,-1.0,-1.0,-1.0,-1.0,-1.0,-1.0,-1.0,-1.0,-1.0,-1.0,-1.0,-1.0,-1.0,-1.0,-1.0,-1.0,-1.0,-1.0,-1.0,-1.0,-1.0,-1.0,-1.0,-1.0,-1.0,-1.0,-1.0,-1.0,-1.0,-1.0,-1.0,-1.0,-1.0,-1.0,-1.0,-1.0,-1.0,-1.0,-1.0,-1.0,-1.0,-1.0,-1.0,-1.0,-1.0,-1.0,-1.0,-1.0,-1.0,-1.0,-1.0,-1.0,-1.0,-1.0,-1.0,-1.0,-1.0,0.1235561524697683,-5.685245955316629,0.7540387566950906
8,0.016,0.30150265233762596,0.9599451839832636,1.6526862808236622,0.1235561524697683,-5.685245955316629,0.6166987566950906,0.06177166380587795,0.1891,-0.0001,1.0283,1.0,-0.0007,0.0055,0.0019,-0.0002,-0.0184,0.0021,0.0047,0.0044,-0.0034,-0.0247,-0.0218,0.0045,0.0086,0.0046,0.0038,-0.0003,0.0117,-0.0044,0.0003,0.0091,-0.0009,0.0009,0.0,0.0135,-0.0076,0.0003,0.0087,-0.0012,0.0015,-0.0001,-0.0881,-0.04,0.0249,-0.3158,1.1971,0.6496,-1.2684,-1.623,0.5691,0.0296,0.4024,-0.2611,-3.9512,-2.5974,0.9452,1.1549,0.29,0.773,-0.0649,1.1654,-0.5107,-0.0602,1.0162,-0.0628,0.0711,-0.0269,1.7149,-0.8296,-0.0669,0.8716,-0.0897,0.116,-0.0368,-1.0,-1.0,-1.0,-1.0,-1.0,-1.0,-1.0,-1.0,-1.0,-1.0,-1.0,-1.0,-1.0,-1.0,-1.0,-1.0,-1.0,-1.0,-1.0,-1.0,-1.0,-1.0,-1.0,-1.0,-1.0,-1.0,-1.0,-1.0,-1.0,-1.0,-1.0,-1.0,-1.0,-1.0,-1.0,-1.0,-1.0,-1.0,-1.0,-1.0,-1.0,-1.0,-1.0,-1.0,-1.0,-1.0,-1.0,-1.0,-1.0,-1.0,-1.0,-1.0,-1.0,-1.0,-1.0,-1.0,-1.0,-1.0,-1.0,-1.0,-1.0,-1.0,-1.0,0.1235561524697683,-5.685245955316629,0.7540387566950906
9,0.018,0.30174976464256553,0.9485746920726302,1.6539000583370522,0.1235561524697683,-5.685245955316629,0.5970787566950906,0.06177166380587795,0.189,-0.0002,1.0284,1.0,-0.0011,0.0068,0.0027,-0.0033,-0.0217,0.0035,0.0044,0.0054,-0.0038,-0.0343,-0.0276,0.0069,0.0112,0.0055,0.0055,-0.0004,0.0143,-0.0055,0.0001,0.0114,-0.001,0.001,0.0,0.0175,-0.0095,0.0001,0.0105,-0.0014,0.0017,-0.0002,-0.0921,-0.0524,0.0287,-0.3844,1.3105,0.7715,-1.5535,-1.6686,0.6803,-0.1316,0.4961,-0.2116,-4.7818,-2.9108,1.1688,1.3156,0.4548,0.8589,-0.0613,1.2829,-0.5697,-0.0837,1.1202,-0.0632,0.0739,-0.0315,1.963,-0.9139,-0.0944,0.9397,-0.0911,0.1201,-0.0414,-1.0,-1.0,-1.0,-1.0,-1.0,-1.0,-1.0,-1.0,-1.0,-1.0,-1.0,-1.0,-1.0,-1.0,-1.0,-1.0,-1.0,-1.0,-1.0,-1.0,-1.0,-1.0,-1.0,-1.0,-1.0,-1.0,-1.0,-1.0,-1.0,-1.0,-1.0,-1.0,-1.0,-1.0,-1.0,-1.0,-1.0,-1.0,-1.0,-1.0,-1.0,-1.0,-1.0,-1.0,-1.0,-1.0,-1.0,-1.0,-1.0,-1.0,-1.0,-1.0,-1.0,-1.0,-1.0,-1.0,-1.0,-1.0,-1.0,-1.0,-1.0,-1.0,-1.0,0.1235561524697683,-5.685245955316629,0.7540387566950906
10,0.02,0.30199687694750504,0.937204200161997,1.6550745958504425,0.1235561524697683,-5.685245955316629,0.5774587566950905,0.06177166380587795,0.1888,-0.0003,1.0284,1.0,-0.0015,0.0082,0.0033,-0.0057,-0.0253,0.0048,0.0044,0.0062,-0.0043,-0.0445,-0.0336,0.0093,0.0136,0.0067,0.0071,-0.0003,0.0171,-0.0066,0.0001,0.0137,-0.0012,0.0012,0.0,0.0213,-0.0113,0.0001,0.0128,-0.0017,0.002,-0.0002,-0.0933,-0.0536,0.0239,-0.366,1.3578,0.6463,-1.1965,-1.7907,0.6299,-0.0153,0.4253,-0.2377,-5.0794,-2.9824,1.2288,1.2141,0.5784,0.8012,0.0633,1.4125,-0.5303,-0.0064,1.189,-0.0976,0.1031,0.0134,1.9312,-0.9295,-0.0055,1.1542,-0.1331,0.1673,-0.0042,-1.0,-1.0,-1.0,-1.0,-1.0,-1.0,-1.0,-1.0,-1.0,-1.0,-1.0,-1.0,-1.0,-1.0,-1.0,-1.0,-1.0,-1.0,-1.0,-1.0,-1.0,-1.0,-1.0,-1.0,-1.0,-1.0,-1.0,-1.0,-1.0,-1.0,-1.0,-1.0,-1.0,-1.0,-1.0,-1.0,-1.0,-1.0,-1.0,-1.0,-1.0,-1.0,-1.0,-1.0,-1.0,-1.0,-1.0,-1.0,-1.0,-1.0,-1.0,-1.0,-1.0,-1.0,-1.0,-1.0,-1.0,-1.0,-1.0,-1.0,-1.0,-1.0,-1.0,0.1235561524697683,-5.685245955316629,0.7540387566950906
11,0.022,0.30224398925244456,0.9258337082513637,1.6562098933638325,0.1235561524697683,-5.685245955316629,0.5578387566950905,0.06177166380587795,0.1886,-0.0004,1.0284,0.9999,-0.0018,0.0096,0.0038,-0.0075,-0.0291,0.0059,0.0046,0.007,-0.0048,-0.0552,-0.0397,0.0119,0.0159,0.0081,0.0086,0.0001,0.0202,-0.0075,0.0002,0.0163,-0.0015,0.0015,0.0001,0.0251,-0.0132,0.0003,0.0155,-0.002,0.0024,-0.0002,-0.0951,-0.0553,0.0193,-0.3485,1.4055,0.5291,-0.9053,-1.9122,0.587,0.1056,0.3586,-0.2514,-5.3631,-3.0556,1.2974,1.1311,0.701,0.7524,0.1871,1.5339,-0.4903,0.0643,1.2546,-0.1281,0.1293,0.0532,1.9059,-0.9436,0.0739,1.3511,-0.1703,0.2095,0.0288,-1.0,-1.0,-1.0,-1.0,-1.0,-1.0,-1.0,-1.0,-1.0,-1.0,-1.0,-1.0,-1.0,-1.0,-1.0,-1.0,-1.0,-1.0,-1.0,-1.0,-1.0,-1.0,-1.0,-1.0,-1.0,-1.0,-1.0,-1.0,-1.0,-1.0,-1.0,-1.0,-1.0,-1.0,-1.0,-1.0,-1.0,-1.0,-1.0,-1.0,-1.0,-1.0,-1.0,-1.0,-1.0,-1.0,-1.0,-1.0,-1.0,-1.0,-1.0,-1.0,-1.0,-1.0,-1.0,-1.0,-1.0,-1.0,-1.0,-1.0,-1.0,-1.0,-1.0,0.1235561524697683,-5.685245955316629,0.7540387566950906
12,0.024,0.3024911015573841,0.9144632163407305,1.6573059508772228,0.1235561524697683,-5.685245955316629,0.5382187566950906,0.06177166380587795,0.1884,-0.0005,1.0285,0.9999,-0.0021,0.011,0.0043,-0.0089,-0.0332,0.007,0.0051,0.0075,-0.0053,-0.0665,-0.046,0.0146,0.018,0.01,0.0101,0.0007,0.0235,-0.0084,0.0005,0.0189,-0.0018,0.0018,0.0003,0.0289,-0.0151,0.0005,0.0186,-0.0024,0.0029,-0.0001,-0.0972,-0.0565,0.013,-0.3242,1.4516,0.4171,-0.6689,-2.0297,0.5401,0.2298,0.2952,-0.2446,-5.6727,-3.1549,1.3426,1.0457,0.9718,0.7303,0.3141,1.648,-0.4488,0.1282,1.3175,-0.1554,0.1528,0.0886,1.8845,-0.955,0.144,1.5264,-0.2036,0.2452,0.0581,-1.0,-1.0,-1.0,-1.0,-1.0,-1.0,-1.0,-1.0,-1.0,-1.0,-1.0,-1.0,-1.0,-1.0,-1.0,-1.0,-1.0,-1.0,-1.0,-1.0,-1.0,-1.0,-1.0,-1.0,-1.0,-1.0,-1.0,-1.0,-1.0,-1.0,-1.0,-1.0,-1.0,-1.0,-1.0,-1.0,-1.0,-1.0,-1.0,-1.0,-1.0,-1.0,-1.0,-1.0,-1.0,-1.0,-1.0,-1.0,-1.0,-1.0,-1.0,-1.0,-1.0,-1.0,-1.0,-1.0,-1.0,-1.0,-1.0,-1.0,-1.0,-1.0,-1.0,0.1235561524697683,-5.685245955316629,0.7540387566950906
13,0.026,0.30273821386232364,0.9030927244300972,1.658362768390613,0.1235561524697683,-5.685245955316629,0.5185987566950906,0.06177166380587795,0.1882,-0.0006,1.0285,0.9999,-0.0024,0.0125,0.0046,-0.0098,-0.0375,0.008,0.0057,0.008,-0.0057,-0.0785,-0.0525,0.0174,0.0199,0.0125,0.0115,0.0016,0.027,-0.0093,0.0008,0.0216,-0.0022,0.0021,0.0005,0.0326,-0.017,0.001,0.022,-0.0029,0.0035,0.0001,-0.0996,-0.0582,0.0071,-0.3009,1.497,0.3164,-0.4772,-2.137,0.4991,0.3376,0.2418,-0.2245,-5.9546,-3.2439,1.3986,0.9664,1.2244,0.6982,0.4339,1.7555,-0.4057,0.1859,1.3764,-0.1791,0.1734,0.1196,1.8663,-0.9652,0.2051,1.6833,-0.2325,0.2763,0.0838,-1.0,-1.0,-1.0,-1.0,-1.0,-1.0,-1.0,-1.0,-1.0,-1.0,-1.0,-1.0,-1.0,-1.0,-1.0,-1.0,-1.0,-1.0,-1.0,-1.0,-1.0,-1.0,-1.0,-1.0,-1.0,-1.0,-1.0,-1.0,-1.0,-1.0,-1.0,-1.0,-1.0,-1.0,-1.0,-1.0,-1.0,-1.0,-1.0,-1.0,-1.0,-1.0,-1.0,-1.0,-1.0,-1.0,-1.0,-1.0,-1.0,-1.0,-1.0,-1.0,-1.0,-1.0,-1.0,-1.0,-1.0,-1.0,-1.0,-1.0,-1.0,-1.0,-1.0,0.1235561524697683,-5.685245955316629,0.7540387566950906
14,0.028,0.3029853261672632,0.8917222325194639,1.659380345904003,0.1235561524697683,-5.685245955316629,0.49897875669509056,0.06177166380587795,0.188,-0.0008,1.0285,0.9999,-0.0027,0.0141,0.0048,-0.0104,-0.0419,0.0089,0.0066,0.0084,-0.0061,-0.0908,-0.0591,0.0203,0.0217,0.0154,0.0128,0.0027,0.0307,-0.01,0.0013,0.0245,-0.0026,0.0025,0.0008,0.0363,-0.019,0.0015,0.0256,-0.0034,0.0041,0.0003,-0.1019,-0.06,0.0015,-0.2777,1.5413,0.224,-0.3162,-2.2247,0.4613,0.411,0.2052,-0.1917,-6.1768,-3.3124,1.4611,0.8747,1.4602,0.666,0.5399,1.8579,-0.3583,0.2375,1.4299,-0.1989,0.1908,0.1459,1.8469,-0.9737,0.2569,1.8199,-0.2567,0.3021,0.1056,-1.0,-1.0,-1.0,-1.0,-1.0,-1.0,-1.0,-1.0,-1.0,-1.0,-1.0,-1.0,-1.0,-1.0,-1.0,-1.0,-1.0,-1.0,-1.0,-1.0,-1.0,-1.0,-1.0,-1.0,-1.0,-1.0,-1.0,-1.0,-1.0,-1.0,-1.0,-1.0,-1.0,-1.0,-1.0,-1.0,-1.0,-1.0,-1.0,-1.0,-1.0,-1.0,-1.0,-1.0,-1.0,-1.0,-1.0,-1.0,-1.0,-1.0,-1.0,-1.0,-1.0,-1.0,-1.0,-1.0,-1.0,-1.0,-1.0,-1.0,-1.0,-1.0,-1.0,0.1235561524697683,-5.685245955316629,0.7540387566950906
15,0.03,0.3032324384722027,0.8803517406088307,1.6603586834173933,0.1235561524697683,-5.685245955316629,0.47935875669509054,0.06177166380587795,0.1878,-0.0009,1.0285,0.9999,-0.003,0.0156,0.005,-0.011,-0.0463,0.0098,0.0073,0.0088,-0.0063,-0.103,-0.0656,0.0234,0.0234,0.0187,0.014,0.0039,0.0344,-0.0106,0.0018,0.0274,-0.003,0.0029,0.0011,0.0398,-0.0211,0.002,0.0294,-0.0039,0.0047,0.0006,-0.1009,-0.063,-0.0039,-0.2716,1.5186,0.1711,-0.2512,-2.1786,0.4484,0.3947,0.1985,-0.074,-6.0939,-3.2195,1.5257,0.8332,1.6403,0.6117,0.6158,1.839,-0.3153,0.2545,1.4603,-0.2083,0.1998,0.16,1.7536,-1.0289,0.2633,1.9136,-0.2681,0.3152,0.1174,-1.0,-1.0,-1.0,-1.0,-1.0,-1.0,-1.0,-1.0,-1.0,-1.0,-1.0,-1.0,-1.0,-1.0,-1.0,-1.0,-1.0,-1.0,-1.0,-1.0,-1.0,-1.0,-1.0,-1.0,-1.0,-1.0,-1.0,-1.0,-1.0,-1.0,-1.0,-1.0,-1.0,-1.0,-1.0,-1.0,-1.0,-1.0,-1.0,-1.0,-1.0,-1.0,-1.0,-1.0,-1.0,-1.0,-1.0,-1.0,-1.0,-1.0,-1.0,-1.0,-1.0,-1.0,-1.0,-1.0,-1.0,-1.0,-1.0,-1.0,-1.0,-1.0,-1.0,0.1235561524697683,-5.685245955316629,0.7540387566950906
16,0.032,0.3034795507771423,0.8689812486981975,1.6612977809307836,0.1235561524697683,-5.685245955316629,0.45973875669509057,0.06177166380587795,0.1876,-0.001,1.0285,0.9998,-0.0033,0.0171,0.0051,-0.0114,-0.0505,0.0107,0.0081,0.0092,-0.0062,-0.115,-0.0718,0.0266,0.0249,0.0219,0.015,0.0052,0.038,-0.0111,0.0024,0.0304,-0.0034,0.0033,0.0015,0.0431,-0.0232,0.0025,0.0334,-0.0045,0.0054,0.0008,-0.1008,-0.0666,-0.0064,-0.2767,1.4986,0.1253,-0.2044,-2.1365,0.4517,0.3766,0.1981,0.0367,-6.0184,-3.1344,1.5849,0.7872,1.6117,0.4811,0.6714,1.8175,-0.2729,0.2739,1.4863,-0.2172,0.2081,0.1734,1.657,-1.0786,0.2707,1.9994,-0.2788,0.3272,0.1286,-1.0,-1.0,-1.0,-1.0,-1.0,-1.0,-1.0,-1.0,-1.0,-1.0,-1.0,-1.0,-1.0,-1.0,-1.0,-1.0,-1.0,-1.0,-1.0,-1.0,-1.0,-1.0,-1.0,-1.0,-1.0,-1.0,-1.0,-1.0,-1.0,-1.0,-1.0,-1.0,-1.0,-1.0,-1.0,-1.0,-1.0,-1.0,-1.0,-1.0,-1.0,-1.0,-1.0,-1.0,-1.0,-1.0,-1.0,-1.0,-1.0,-1.0,-1.0,-1.0,-1.0,-1.0,-1.0,-1.0,-1.0,-1.0,-1.0,-1.0,-1.0,-1.0,-1.0,0.1235561524697683,-5.685245955316629,0.7540387566950906
17,0.034,0.3037266630820818,0.8576107567875642,1.662197638444174,0.1235561524697683,-5.685245955316629,0.44011875669509054,0.06177166380587795,0.1874,-0.0012,1.0285,0.9998,-0.0036,0.0186,0.0052,-0.0117,-0.0547,0.0117,0.0088,0.0096,-0.0059,-0.1268,-0.078,0.0298,0.0265,0.0251,0.0157,0.0066,0.0416,-0.0116,0.003,0.0334,-0.0039,0.0038,0.0018,0.0463,-0.0254,0.0031,0.0376,-0.0051,0.0061,0.0011,-0.1017,-0.071,-0.0083,-0.287,1.4808,0.1009,-0.1886,-2.0945,0.4633,0.3475,0.2082,0.1517,-5.8987,-3.071,1.6386,0.7947,1.5776,0.3497,0.6868,1.7929,-0.2264,0.2943,1.5102,-0.2256,0.216,0.1863,1.5562,-1.1193,0.2776,2.0711,-0.2891,0.3381,0.1393,-1.0,-1.0,-1.0,-1.0,-1.0,-1.0,-1.0,-1.0,-1.0,-1.0,-1.0,-1.0,-1.0,-1.0,-1.0,-1.0,-1.0,-1.0,-1.0,-1.0,-1.0,-1.0,-1.0,-1.0,-1.0,-1.0,-1.0,-1.0,-1.0,-1.0,-1.0,-1.0,-1.0,-1.0,-1.0,-1.0,-1.0,-1.0,-1.0,-1.0,-1.0,-1.0,-1.0,-1.0,-1.0,-1.0,-1.0,-1.0,-1.0,-1.0,-1.0,-1.0,-1.0,-1.0,-1.0,-1.0,-1.0,-1.0,-1.0,-1.0,-1.0,-1.0,-1.0,0.1235561524697683,-5.685245955316629,0.7540387566950906
18,0.036,0.30397377538702136,0.8462402648769309,1.6630582559575637,0.1235561524697683,-5.685245955316629,0.4204987566950905,0.06177166380587795,0.1872,-0.0013,1.0284,0.9998,-0.0039,0.02,0.0053,-0.0121,-0.0588,0.0126,0.0094,0.0101,-0.0055,-0.1383,-0.084,0.0332,0.0281,0.0282,0.0162,0.008,0.0451,-0.0119,0.0036,0.0365,-0.0043,0.0042,0.0022,0.0492,-0.0278,0.0037,0.0418,-0.0057,0.0068,0.0014,-0.1031,-0.0753,-0.0088,-0.2947,1.4633,0.0887,-0.1829,-2.048,0.4748,0.3048,0.2091,0.2094,-5.7412,-3.0061,1.678,0.806,1.5493,0.2268,0.6782,1.7658,-0.1765,0.3144,1.5318,-0.2331,0.2229,0.1979,1.4511,-1.151,0.2828,2.1287,-0.2981,0.3471,0.149,-1.0,-1.0,-1.0,-1.0,-1.0,-1.0,-1.0,-1.0,-1.0,-1.0,-1.0,-1.0,-1.0,-1.0,-1.0,-1.0,-1.0,-1.0,-1.0,-1.0,-1.0,-1.0,-1.0,-1.0,-1.0,-1.0,-1.0,-1.0,-1.0,-1.0,-1.0,-1.0,-1.0,-1.0,-1.0,-1.0,-1.0,-1.0,-1.0,-1.0,-1.0,-1.0,-1.0,-1.0,-1.0,-1.0,-1.0,-1.0,-1.0,-1.0,-1.0,-1.0,-1.0,-1.0,-1.0,-1.0,-1.0,-1.0,-1.0,-1.0,-1.0,-1.0,-1.0,0.1235561524697683,-5.685245955316629,0.7540387566950906
19,0.038,0.3042208876919609,0.8348697729662977,1.663879633470954,0.1235561524697683,-5.685245955316629,0.4008787566950905,0.06177166380587795,0.187,-0.0015,1.0284,0.9997,-0.0042,0.0215,0.0054,-0.0124,-0.0628,0.0136,0.0099,0.0105,-0.0049,-0.1494,-0.0898,0.0366,0.0297,0.0312,0.0164,0.0093,0.0486,-0.0122,0.0042,0.0396,-0.0048,0.0047,0.0026,0.0518,-0.0301,0.0042,0.0462,-0.0063,0.0075,0.0017,-0.104,-0.0789,-0.0095,-0.2959,1.4435,0.0752,-0.169,-1.9966,0.477,0.2557,0.2183,0.2658,-5.5625,-2.918,1.699,0.7734,1.5405,0.1217,0.6694,1.7362,-0.1259,0.3338,1.5442,-0.239,0.228,0.2077,1.3417,-1.1758,0.2864,2.1718,-0.3054,0.3535,0.1573,-1.0,-1.0,-1.0,-1.0,-1.0,-1.0,-1.0,-1.0,-1.0,-1.0,-1.0,-1.0,-1.0,-1.0,-1.0,-1.0,-1.0,-1.0,-1.0,-1.0,-1.0,-1.0,-1.0,-1.0,-1.0,-1.0,-1.0,-1.0,-1.0,-1.0,-1.0,-1.0,-1.0,-1.0,-1.0,-1.0,-1.0,-1.0,-1.0,-1.0,-1.0,-1.0,-1.0,-1.0,-1.0,-1.0,-1.0,-1.0,-1.0,-1.0,-1.0,-1.0,-1.0,-1.0,-1.0,-1.0,-1.0,-1.0,-1.0,-1.0,-1.0,-1.0,-1.0,0.1235561524697683,-5.685245955316629,0.7540387566950906
20,0.04,0.3044679999969004,0.8234992810556644,1.6646617709843443,0.1235561524697683,-5.685245955316629,0.3812587566950906,0.06177166380587795,0.1868,-0.0016,1.0284,0.9997,-0.0045,0.0229,0.0054,-0.0127,-0.0667,0.0145,0.0103,0.011,-0.0043,-0.1602,-0.0954,0.04,0.0311,0.0343,0.0165,0.0106,0.052,-0.0124,0.005,0.0427,-0.0053,0.0051,0.0031,0.0543,-0.0325,0.0048,0.0506,-0.0069,0.0082,0.002,-0.1045,-0.0817,-0.0105,-0.2907,1.4212,0.0582,-0.1455,-1.9417,0.47,0.2042,0.2325,0.3194,-5.3697,-2.8086,1.7045,0.6994,1.5455,0.0327,0.664,1.7049,-0.0754,0.3529,1.5486,-0.2437,0.2316,0.2161,1.2295,-1.1941,0.2891,2.2036,-0.3109,0.3578,0.1643,-1.0,-1.0,-1.0,-1.0,-1.0,-1.0,-1.0,-1.0,-1.0,-1.0,-1.0,-1.0,-1.0,-1.0,-1.0,-1.0,-1.0,-1.0,-1.0,-1.0,-1.0,-1.0,-1.0,-1.0,-1.0,-1.0,-1.0,-1.0,-1.0,-1.0,-1.0,-1.0,-1.0,-1.0,-1.0,-1.0,-1.0,-1.0,-1.0,-1.0,-1.0,-1.0,-1.0,-1.0,-1.0,-1.0,-1.0,-1.0,-1.0,-1.0,-1.0,-1.0,-1.0,-1.0,-1.0,-1.0,-1.0,-1.0,-1.0,-1.0,-1.0,-1.0,-1.0,0.1235561524697683,-5.685245955316629,0.7540387566950906
21,0.042,0.30471511230183995,0.8121287891450312,1.6654046684977344,0.1235561524697683,-5.685245955316629,0.36163875669509055,0.06177166380587795,0.1866,-0.0018,1.0284,0.9997,-0.0048,0.0243,0.0054,-0.0128,-0.0705,0.0154,0.0109,0.0114,-0.0041,-0.1709,-0.1008,0.0435,0.0322,0.0375,0.0164,0.0123,0.0554,-0.0124,0.0057,0.0458,-0.0058,0.0056,0.0035,0.0565,-0.0349,0.0054,0.0551,-0.0075,0.0089,0.0024,-0.101,-0.0849,-0.0084,-0.2757,1.3745,-0.0491,-0.0174,-1.9108,0.4624,0.2798,0.2222,0.0966,-5.3731,-2.6786,1.7552,0.5708,1.6126,-0.0226,0.827,1.6868,-0.0399,0.3698,1.5527,-0.2467,0.234,0.2235,1.1221,-1.2287,0.2917,2.2662,-0.3142,0.3621,0.1708,-1.0,-1.0,-1.0,-1.0,-1.0,-1.0,-1.0,-1.0,-1.0,-1.0,-1.0,-1.0,-1.0,-1.0,-1.0,-1.0,-1.0,-1.0,-1.0,-1.0,-1.0,-1.0,-1.0,-1.0,-1.0,-1.0,-1.0,-1.0,-1.0,-1.0,-1.0,-1.0,-1.0,-1.0,-1.0,-1.0,-1.0,-1.0,-1.0,-1.0,-1.0,-1.0,-1.0,-1.0,-1.0,-1.0,-1.0,-1.0,-1.0,-1.0,-1.0,-1.0,-1.0,-1.0,-1.0,-1.0,-1.0,-1.0,-1.0,-1.0,-1.0,-1.0,-1.0,0.1235561524697683,-5.685245955316629,0.7540387566950906
22,0.044,0.30496222460677946,0.8007582972343978,1.6661083260111247,0.1235561524697683,-5.685245955316629,0.3420187566950905,0.06177166380587795,0.1864,-0.002,1.0284,0.9996,-0.005,0.0256,0.0052,-0.0125,-0.0743,0.0163,0.0115,0.0119,-0.0043,-0.1816,-0.1059,0.0471,0.0331,0.0409,0.0163,0.0142,0.0587,-0.0124,0.0065,0.0489,-0.0063,0.0061,0.004,0.0586,-0.0374,0.006,0.0598,-0.0082,0.0096,0.0027,-0.0977,-0.089,-0.0061,-0.2636,1.3291,-0.1517,0.1094,-1.8691,0.4584,0.3273,0.2268,-0.1096,-5.3496,-2.5468,1.8045,0.4432,1.6829,-0.0805,0.9612,1.6662,0.0028,0.3914,1.5445,-0.2489,0.2354,0.23,1.0164,-1.2445,0.2992,2.3217,-0.3165,0.3655,0.1766,-1.0,-1.0,-1.0,-1.0,-1.0,-1.0,-1.0,-1.0,-1.0,-1.0,-1.0,-1.0,-1.0,-1.0,-1.0,-1.0,-1.0,-1.0,-1.0,-1.0,-1.0,-1.0,-1.0,-1.0,-1.0,-1.0,-1.0,-1.0,-1.0,-1.0,-1.0,-1.0,-1.0,-1.0,-1.0,-1.0,-1.0,-1.0,-1.0,-1.0,-1.0,-1.0,-1.0,-1.0,-1.0,-1.0,-1.0,-1.0,-1.0,-1.0,-1.0,-1.0,-1.0,-1.0,-1.0,-1.0,-1.0,-1.0,-1.0,-1.0,-1.0,-1.0,-1.0,0.1235561524697683,-5.685245955316629,0.7540387566950906
23,0.046,0.30520933691171903,0.7893878053237646,1.666772743524515,0.1235561524697683,-5.685245955316629,0.32239875669509055,0.06177166380587795,0.1862,-0.0022,1.0284,0.9996,-0.0053,0.0269,0.005,-0.0121,-0.0779,0.0173,0.0122,0.0123,-0.0049,-0.1922,-0.1107,0.0508,0.0337,0.0444,0.016,0.0163,0.062,-0.0123,0.0073,0.0519,-0.0068,0.0065,0.0045,0.0604,-0.0399,0.0066,0.0645,-0.0088,0.0104,0.0031,-0.0947,-0.0934,-0.0037,-0.2543,1.2846,-0.2469,0.2302,-1.8219,0.4576,0.358,0.2399,-0.3008,-5.2793,-2.4056,1.8484,0.3132,1.7374,-0.1434,1.065,1.6442,0.0509,0.4151,1.5282,-0.2503,0.2358,0.2354,0.9115,-1.2467,0.3089,2.3676,-0.3177,0.3675,0.1814,-1.0,-1.0,-1.0,-1.0,-1.0,-1.0,-1.0,-1.0,-1.0,-1.0,-1.0,-1.0,-1.0,-1.0,-1.0,-1.0,-1.0,-1.0,-1.0,-1.0,-1.0,-1.0,-1.0,-1.0,-1.0,-1.0,-1.0,-1.0,-1.0,-1.0,-1.0,-1.0,-1.0,-1.0,-1.0,-1.0,-1.0,-1.0,-1.0,-1.0,-1.0,-1.0,-1.0,-1.0,-1.0,-1.0,-1.0,-1.0,-1.0,-1.0,-1.0,-1.0,-1.0,-1.0,-1.0,-1.0,-1.0,-1.0,-1.0,-1.0,-1.0,-1.0,-1.0,0.1235561524697683,-5.685245955316629,0.7540387566950906
24,0.048,0.30545644921665854,0.7780173134131314,1.6673979210379049,0.1235561524697683,-5.685245955316629,0.3027787566950906,0.06177166380587795,0.186,-0.0024,1.0284,0.9996,-0.0056,0.0281,0.0046,-0.0114,-0.0815,0.0182,0.013,0.0129,-0.0059,-0.2025,-0.1152,0.0546,0.0341,0.0479,0.0156,0.0186,0.0653,-0.0121,0.0082,0.0549,-0.0073,0.007,0.0049,0.062,-0.0424,0.0072,0.0693,-0.0094,0.0111,0.0035,-0.0919,-0.0977,-0.0014,-0.2452,1.2407,-0.3313,0.3378,-1.7771,0.4564,0.389,0.2537,-0.4781,-5.1543,-2.2531,1.8772,0.1759,1.7788,-0.2066,1.1413,1.6223,0.1016,0.4372,1.5098,-0.2506,0.2352,0.2393,0.806,-1.2437,0.3164,2.4006,-0.3177,0.3675,0.185,-1.0,-1.0,-1.0,-1.0,-1.0,-1.0,-1.0,-1.0,-1.0,-1.0,-1.0,-1.0,-1.0,-1.0,-1.0,-1.0,-1.0,-1.0,-1.0,-1.0,-1.0,-1.0,-1.0,-1.0,-1.0,-1.0,-1.0,-1.0,-1.0,-1.0,-1.0,-1.0,-1.0,-1.0,-1.0,-1.0,-1.0,-1.0,-1.0,-1.0,-1.0,-1.0,-1.0,-1.0,-1.0,-1.0,-1.0,-1.0,-1.0,-1.0,-1.0,-1.0,-1.0,-1.0,-1.0,-1.0,-1.0,-1.0,-1.0,-1.0,-1.0,-1.0,-1.0,0.1235561524697683,-5.685245955316629,0.7540387566950906
25,0.05,0.3057035615215981,0.7666468215024982,1.6679838585512952,0.1235561524697683,-5.685245955316629,0.28315875669509055,0.06177166380587795,0.1858,-0.0026,1.0284,0.9995,-0.0058,0.0293,0.0042,-0.0106,-0.0849,0.0191,0.0139,0.0133,-0.0069,-0.2124,-0.1194,0.0584,0.0343,0.0518,0.0151,0.021,0.0685,-0.0118,0.0091,0.0579,-0.0078,0.0075,0.0054,0.0634,-0.0449,0.0079,0.0741,-0.0101,0.0118,0.0038,-0.0895,-0.1024,-0.0005,-0.2337,1.1971,-0.3958,0.4171,-1.7292,0.4461,0.4181,0.2019,-0.5066,-4.9362,-2.0892,1.9108,0.0908,1.9352,-0.2073,1.1863,1.5991,0.1568,0.4574,1.4895,-0.25,0.2337,0.2419,0.7007,-1.2339,0.3214,2.4201,-0.3165,0.3659,0.1875,-1.0,-1.0,-1.0,-1.0,-1.0,-1.0,-1.0,-1.0,-1.0,-1.0,-1.0,-1.0,-1.0,-1.0,-1.0,-1.0,-1.0,-1.0,-1.0,-1.0,-1.0,-1.0,-1.0,-1.0,-1.0,-1.0,-1.0,-1.0,-1.0,-1.0,-1.0,-1.0,-1.0,-1.0,-1.0,-1.0,-1.0,-1.0,-1.0,-1.0,-1.0,-1.0,-1.0,-1.0,-1.0,-1.0,-1.0,-1.0,-1.0,-1.0,-1.0,-1.0,-1.0,-1.0,-1.0,-1.0,-1.0,-1.0,-1.0,-1.0,-1.0,-1.0,-1.0,0.1235561524697683,-5.685245955316629,0.7540387566950906
26,0.052,0.3059506738265376,0.7552763295918649,1.6685305560646853,0.1235561524697683,-5.685245955316629,0.2635387566950905,0.06177166380587795,0.1856,-0.0028,1.0284,0.9995,-0.006,0.0304,0.0038,-0.0097,-0.0883,0.0199,0.0148,0.0136,-0.008,-0.2217,-0.1232,0.0621,0.034,0.056,0.0147,0.0234,0.0716,-0.0114,0.01,0.0609,-0.0083,0.0079,0.0059,0.0646,-0.0474,0.0085,0.079,-0.0107,0.0126,0.0042,-0.0866,-0.1026,-0.0015,-0.2022,1.1508,-0.4327,0.4639,-1.6841,0.4081,0.4542,0.1604,-0.5488,-4.6786,-1.8933,1.8576,-0.1076,2.0888,-0.216,1.2029,1.5781,0.2024,0.4655,1.4949,-0.2475,0.2321,0.2425,0.6054,-1.2347,0.313,2.4243,-0.3132,0.3613,0.1883,-1.0,-1.0,-1.0,-1.0,-1.0,-1.0,-1.0,-1.0,-1.0,-1.0,-1.0,-1.0,-1.0,-1.0,-1.0,-1.0,-1.0,-1.0,-1.0,-1.0,-1.0,-1.0,-1.0,-1.0,-1.0,-1.0,-1.0,-1.0,-1.0,-1.0,-1.0,-1.0,-1.0,-1.0,-1.0,-1.0,-1.0,-1.0,-1.0,-1.0,-1.0,-1.0,-1.0,-1.0,-1.0,-1.0,-1.0,-1.0,-1.0,-1.0,-1.0,-1.0,-1.0,-1.0,-1.0,-1.0,-1.0,-1.0,-1.0,-1.0,-1.0,-1.0,-1.0,0.1235561524697683,-5.685245955316629,0.7540387566950906
27,0.054,0.3061977861314772,0.7439058376812315,1.6690380135780756,0.1235561524697683,-5.685245955316629,0.24391875669509056,0.06177166380587795,0.1855,-0.003,1.0283,0.9995,-0.0062,0.0315,0.0033,-0.0086,-0.0916,0.0206,0.0157,0.0138,-0.0088,-0.2306,-0.1266,0.0657,0.0334,0.0605,0.0143,0.0258,0.0747,-0.0109,0.011,0.0639,-0.0088,0.0084,0.0064,0.0656,-0.0498,0.0091,0.0838,-0.0113,0.0133,0.0046,-0.0836,-0.1035,-0.0044,-0.1767,1.1036,-0.4664,0.5063,-1.6358,0.37,0.4881,0.0951,-0.4211,-4.4302,-1.6975,1.8074,-0.2986,2.2301,-0.2164,1.2161,1.555,0.2458,0.4751,1.4908,-0.2446,0.2299,0.2426,0.512,-1.232,0.3064,2.4237,-0.3094,0.3563,0.1887,-1.0,-1.0,-1.0,-1.0,-1.0,-1.0,-1.0,-1.0,-1.0,-1.0,-1.0,-1.0,-1.0,-1.0,-1.0,-1.0,-1.0,-1.0,-1.0,-1.0,-1.0,-1.0,-1.0,-1.0,-1.0,-1.0,-1.0,-1.0,-1.0,-1.0,-1.0,-1.0,-1.0,-1.0,-1.0,-1.0,-1.0,-1.0,-1.0,-1.0,-1.0,-1.0,-1.0,-1.0,-1.0,-1.0,-1.0,-1.0,-1.0,-1.0,-1.0,-1.0,-1.0,-1.0,-1.0,-1.0,-1.0,-1.0,-1.0,-1.0,-1.0,-1.0,-1.0,0.1235561524697683,-5.685245955316629,0.7540387566950906
28,0.056,0.3064448984364167,0.7325353457705983,1.6695062310914657,0.1235561524697683,-5.685245955316629,0.22429875669509058,0.06177166380587795,0.1853,-0.0032,1.0283,0.9994,-0.0064,0.0326,0.0028,-0.0075,-0.0947,0.0213,0.0168,0.0138,-0.0095,-0.2389,-0.1295,0.0693,0.0324,0.0648,0.0138,0.0283,0.0778,-0.0103,0.012,0.0668,-0.0092,0.0089,0.0069,0.0665,-0.0523,0.0097,0.0887,-0.0119,0.014,0.005,-0.0811,-0.1049,-0.0059,-0.1576,1.0592,-0.4985,0.5464,-1.5939,0.3415,0.5253,0.037,-0.3221,-4.1841,-1.4917,1.7685,-0.5234,2.1742,-0.2241,1.2283,1.5296,0.2866,0.4862,1.4822,-0.2415,0.2273,0.2423,0.4205,-1.2256,0.3018,2.4236,-0.3053,0.3511,0.1889,-1.0,-1.0,-1.0,-1.0,-1.0,-1.0,-1.0,-1.0,-1.0,-1.0,-1.0,-1.0,-1.0,-1.0,-1.0,-1.0,-1.0,-1.0,-1.0,-1.0,-1.0,-1.0,-1.0,-1.0,-1.0,-1.0,-1.0,-1.0,-1.0,-1.0,-1.0,-1.0,-1.0,-1.0,-1.0,-1.0,-1.0,-1.0,-1.0,-1.0,-1.0,-1.0,-1.0,-1.0,-1.0,-1.0,-1.0,-1.0,-1.0,-1.0,-1.0,-1.0,-1.0,-1.0,-1.0,-1.0,-1.0,-1.0,-1.0,-1.0,-1.0,-1.0,-1.0,0.1235561524697683,-5.685245955316629,0.7540387566950906
29,0.058,0.3066920107413562,0.7211648538599651,1.669935208604856,0.1235561524697683,-5.685245955316629,0.2046787566950905,0.06177166380587795,0.1852,-0.0034,1.0283,0.9994,-0.0066,0.0336,0.0023,-0.0064,-0.0978,0.0219,0.0179,0.0138,-0.0099,-0.2468,-0.1321,0.0727,0.0309,0.0691,0.0134,0.0308,0.0808,-0.0097,0.0129,0.0698,-0.0097,0.0093,0.0074,0.0672,-0.0547,0.0103,0.0935,-0.0125,0.0147,0.0053,-0.0787,-0.1062,-0.0077,-0.1381,1.0151,-0.5279,0.585,-1.5527,0.3128,0.5612,-0.015,-0.233,-3.9482,-1.2939,1.7241,-0.7376,2.1253,-0.2247,1.2371,1.5038,0.3266,0.4971,1.4697,-0.238,0.2242,0.2415,0.33,-1.2146,0.2976,2.4183,-0.3008,0.3454,0.1885,-1.0,-1.0,-1.0,-1.0,-1.0,-1.0,-1.0,-1.0,-1.0,-1.0,-1.0,-1.0,-1.0,-1.0,-1.0,-1.0,-1.0,-1.0,-1.0,-1.0,-1.0,-1.0,-1.0,-1.0,-1.0,-1.0,-1.0,-1.0,-1.0,-1.0,-1.0,-1.0,-1.0,-1.0,-1.0,-1.0,-1.0,-1.0,-1.0,-1.0,-1.0,-1.0,-1.0,-1.0,-1.0,-1.0,-1.0,-1.0,-1.0,-1.0,-1.0,-1.0,-1.0,-1.0,-1.0,-1.0,-1.0,-1.0,-1.0,-1.0,-1.0,-1.0,-1.0,0.1235561524697683,-5.685245955316629,0.7540387566950906
30,0.06,0.3069391230462958,0.7097943619493319,1.6703249461182461,0.1235561524697683,-5.685245955316629,0.18505875669509053,0.06177166380587795,0.185,-0.0036,1.0283,0.9994,-0.0067,0.0346,0.0018,-0.0051,-0.1009,0.0225,0.0191,0.0137,-0.0102,-0.2543,-0.1343,0.076,0.029,0.0732,0.0129,0.0333,0.0837,-0.009,0.014,0.0727,-0.0102,0.0098,0.0078,0.0676,-0.0571,0.0109,0.0983,-0.0131,0.0153,0.0057,-0.0765,-0.1076,-0.0098,-0.1186,0.9728,-0.5576,0.6249,-1.5118,0.284,0.5918,-0.0598,-0.1483,-3.7141,-1.1057,1.6747,-0.9423,2.0836,-0.2245,1.2431,1.4793,0.3664,0.5075,1.4544,-0.234,0.2205,0.24,0.2404,-1.1996,0.2935,2.4066,-0.2957,0.3388,0.1876,-1.0,-1.0,-1.0,-1.0,-1.0,-1.0,-1.0,-1.0,-1.0,-1.0,-1.0,-1.0,-1.0,-1.0,-1.0,-1.0,-1.0,-1.0,-1.0,-1.0,-1.0,-1.0,-1.0,-1.0,-1.0,-1.0,-1.0,-1.0,-1.0,-1.0,-1.0,-1.0,-1.0,-1.0,-1.0,-1.0,-1.0,-1.0,-1.0,-1.0,-1.0,-1.0,-1.0,-1.0,-1.0,-1.0,-1.0,-1.0,-1.0,-1.0,-1.0,-1.0,-1.0,-1.0,-1.0,-1.0,-1.0,-1.0,-1.0,-1.0,-1.0,-1.0,-1.0,0.1235561524697683,-5.685245955316629,0.7540387566950906
31,0.062,0.3071862353512353,0.6984238700386987,1.6706754436316362,0.1235561524697683,-5.685245955316629,0.16543875669509056,0.06177166380587795,0.1848,-0.0038,1.0283,0.9993,-0.0068,0.0355,0.0012,-0.0038,-0.1038,0.023,0.0203,0.0135,-0.0103,-0.2612,-0.1362,0.0793,0.0268,0.0773,0.0125,0.0358,0.0866,-0.0081,0.015,0.0756,-0.0106,0.0102,0.0083,0.0679,-0.0595,0.0115,0.1031,-0.0137,0.016,0.0061,-0.0737,-0.1089,-0.0125,-0.1005,0.9222,-0.5921,0.6673,-1.4515,0.2561,0.6071,-0.0993,-0.0414,-3.4685,-0.9212,1.617,-1.1211,2.0357,-0.2282,1.2516,1.4523,0.403,0.5152,1.4313,-0.2289,0.2153,0.237,0.145,-1.1829,0.2873,2.3818,-0.2891,0.33,0.1855,-1.0,-1.0,-1.0,-1.0,-1.0,-1.0,-1.0,-1.0,-1.0,-1.0,-1.0,-1.0,-1.0,-1.0,-1.0,-1.0,-1.0,-1.0,-1.0,-1.0,-1.0,-1.0,-1.0,-1.0,-1.0,-1.0,-1.0,-1.0,-1.0,-1.0,-1.0,-1.0,-1.0,-1.0,-1.0,-1.0,-1.0,-1.0,-1.0,-1.0,-1.0,-1.0,-1.0,-1.0,-1.0,-1.0,-1.0,-1.0,-1.0,-1.0,-1.0,-1.0,-1.0,-1.0,-1.0,-1.0,-1.0,-1.0,-1.0,-1.0,-1.0,-1.0,-1.0,0.1235561524697683,-5.685245955316629,0.7540387566950906
32,0.064,0.30743334765617486,0.6870533781280653,1.6709867011450263,0.1235561524697683,-5.685245955316629,0.1458187566950906,0.06177166380587795,0.1847,-0.0041,1.0282,0.9993,-0.0069,0.0364,0.0005,-0.0024,-0.1066,0.0235,0.0216,0.0132,-0.0102,-0.2677,-0.1377,0.0824,0.0242,0.0813,0.012,0.0383,0.0895,-0.0073,0.016,0.0784,-0.0111,0.0106,0.0088,0.068,-0.0618,0.0121,0.1078,-0.0143,0.0166,0.0065,-0.0709,-0.1099,-0.0155,-0.0798,0.8723,-0.6248,0.709,-1.3924,0.2247,0.622,-0.135,0.0587,-3.2398,-0.7438,1.555,-1.2961,1.992,-0.2249,1.2602,1.425,0.4384,0.5224,1.4083,-0.2236,0.21,0.2338,0.0512,-1.1631,0.2815,2.355,-0.2824,0.3212,0.1832,-1.0,-1.0,-1.0,-1.0,-1.0,-1.0,-1.0,-1.0,-1.0,-1.0,-1.0,-1.0,-1.0,-1.0,-1.0,-1.0,-1.0,-1.0,-1.0,-1.0,-1.0,-1.0,-1.0,-1.0,-1.0,-1.0,-1.0,-1.0,-1.0,-1.0,-1.0,-1.0,-1.0,-1.0,-1.0,-1.0,-1.0,-1.0,-1.0,-1.0,-1.0,-1.0,-1.0,-1.0,-1.0,-1.0,-1.0,-1.0,-1.0,-1.0,-1.0,-1.0,-1.0,-1.0,-1.0,-1.0,-1.0,-1.0,-1.0,-1.0,-1.0,-1.0,-1.0,0.1235561524697683,-5.685245955316629,0.7540387566950906
33,0.066,0.30768045996111437,0.675682886217432,1.6712587186584167,0.1235561524697683,-5.685245955316629,0.1261987566950905,0.06177166380587795,0.1846,-0.0043,1.0282,0.9993,-0.007,0.0372,-0.0001,-0.0009,-0.1092,0.0238,0.0228,0.0129,-0.0099,-0.2737,-0.1388,0.0854,0.0213,0.0852,0.0116,0.0408,0.0923,-0.0063,0.0171,0.0811,-0.0115,0.011,0.0092,0.0679,-0.0641,0.0126,0.1125,-0.0148,0.0173,0.0068,-0.0681,-0.1105,-0.0191,-0.0562,0.8234,-0.6563,0.7501,-1.3344,0.1897,0.6361,-0.1675,0.1525,-3.0283,-0.5731,1.4892,-1.4687,1.9517,-0.2147,1.2696,1.3979,0.4724,0.529,1.3859,-0.2183,0.2048,0.2305,-0.0409,-1.1402,0.276,2.3271,-0.2756,0.3124,0.1807,-1.0,-1.0,-1.0,-1.0,-1.0,-1.0,-1.0,-1.0,-1.0,-1.0,-1.0,-1.0,-1.0,-1.0,-1.0,-1.0,-1.0,-1.0,-1.0,-1.0,-1.0,-1.0,-1.0,-1.0,-1.0,-1.0,-1.0,-1.0,-1.0,-1.0,-1.0,-1.0,-1.0,-1.0,-1.0,-1.0,-1.0,-1.0,-1.0,-1.0,-1.0,-1.0,-1.0,-1.0,-1.0,-1.0,-1.0,-1.0,-1.0,-1.0,-1.0,-1.0,-1.0,-1.0,-1.0,-1.0,-1.0,-1.0,-1.0,-1.0,-1.0,-1.0,-1.0,0.1235561524697683,-5.685245955316629,0.7540387566950906
34,0.068,0.30792757226605394,0.6643123943067988,1.6714914961718068,0.1235561524697683,-5.685245955316629,0.10657875669509054,0.06177166380587795,0.1844,-0.0045,1.0282,0.9993,-0.0071,0.0379,-0.0008,0.0007,-0.1118,0.0241,0.0241,0.0125,-0.0094,-0.2794,-0.1396,0.0882,0.018,0.089,0.0112,0.0434,0.095,-0.0053,0.0182,0.0839,-0.012,0.0114,0.0097,0.0677,-0.0663,0.0131,0.117,-0.0154,0.0179,0.0072,-0.0655,-0.111,-0.0229,-0.0314,0.7759,-0.6892,0.7924,-1.2761,0.1535,0.6466,-0.1965,0.2406,-2.8239,-0.4141,1.4216,-1.6285,1.9121,-0.2041,1.278,1.3701,0.5067,0.5353,1.3624,-0.2129,0.201,0.2269,-0.1322,-1.1144,0.2709,2.2959,-0.2687,0.3035,0.1781,-1.0,-1.0,-1.0,-1.0,-1.0,-1.0,-1.0,-1.0,-1.0,-1.0,-1.0,-1.0,-1.0,-1.0,-1.0,-1.0,-1.0,-1.0,-1.0,-1.0,-1.0,-1.0,-1.0,-1.0,-1.0,-1.0,-1.0,-1.0,-1.0,-1.0,-1.0,-1.0,-1.0,-1.0,-1.0,-1.0,-1.0,-1.0,-1.0,-1.0,-1.0,-1.0,-1.0,-1.0,-1.0,-1.0,-1.0,-1.0,-1.0,-1.0,-1.0,-1.0,-1.0,-1.0,-1.0,-1.0,-1.0,-1.0,-1.0,-1.0,-1.0,-1.0,-1.0,0.1235561524697683,-5.685245955316629,0.7540387566950906
35,0.07,0.30817468457099345,0.6529419023961656,1.671685033685197,0.1235561524697683,-5.685245955316629,0.08695875669509046,0.06177166380587795,0.1843,-0.0047,1.0281,0.9992,-0.0071,0.0387,-0.0015,0.0024,-0.1142,0.0244,0.0254,0.0121,-0.0091,-0.2846,-0.1402,0.0909,0.0145,0.0928,0.0108,0.0459,0.0977,-0.0042,0.0192,0.0866,-0.0124,0.0118,0.0101,0.0672,-0.0685,0.0137,0.1216,-0.0159,0.0185,0.0075,-0.0633,-0.1111,-0.0245,-0.0007,0.7309,-0.7225,0.8356,-1.2203,0.1171,0.6555,-0.2188,0.1758,-2.6162,-0.2747,1.3447,-1.7659,1.8779,-0.1979,1.2799,1.3415,0.5439,0.5403,1.343,-0.2073,0.1955,0.2229,-0.224,-1.0844,0.2651,2.2609,-0.2617,0.2941,0.1751,-1.0,-1.0,-1.0,-1.0,-1.0,-1.0,-1.0,-1.0,-1.0,-1.0,-1.0,-1.0,-1.0,-1.0,-1.0,-1.0,-1.0,-1.0,-1.0,-1.0,-1.0,-1.0,-1.0,-1.0,-1.0,-1.0,-1.0,-1.0,-1.0,-1.0,-1.0,-1.0,-1.0,-1.0,-1.0,-1.0,-1.0,-1.0,-1.0,-1.0,-1.0,-1.0,-1.0,-1.0,-1.0,-1.0,-1.0,-1.0,-1.0,-1.0,-1.0,-1.0,-1.0,-1.0,-1.0,-1.0,-1.0,-1.0,-1.0,-1.0,-1.0,-1.0,-1.0,0.1235561524697683,-5.685245955316629,0.7540387566950906
36,0.072,0.308421796875933,0.6415714104855323,1.6718393311985873,0.1235561524697683,-5.685245955316629,0.06733875669509048,0.06177166380587795,0.1842,-0.0049,1.0281,0.9992,-0.0071,0.0394,-0.0023,0.0041,-0.1165,0.0245,0.0268,0.0116,-0.0088,-0.2894,-0.1405,0.0934,0.0107,0.0964,0.0104,0.0485,0.1003,-0.0031,0.0203,0.0892,-0.0128,0.0122,0.0106,0.0666,-0.0706,0.0142,0.126,-0.0164,0.019,0.0079,-0.0614,-0.1115,-0.0262,0.0283,0.6872,-0.7591,0.8814,-1.1631,0.083,0.6589,-0.2358,0.1159,-2.4081,-0.1485,1.2697,-1.8843,1.8433,-0.1973,1.2795,1.3113,0.5819,0.5455,1.3195,-0.2016,0.1897,0.2187,-0.3159,-1.0522,0.2599,2.2214,-0.2545,0.2844,0.1718,-1.0,-1.0,-1.0,-1.0,-1.0,-1.0,-1.0,-1.0,-1.0,-1.0,-1.0,-1.0,-1.0,-1.0,-1.0,-1.0,-1.0,-1.0,-1.0,-1.0,-1.0,-1.0,-1.0,-1.0,-1.0,-1.0,-1.0,-1.0,-1.0,-1.0,-1.0,-1.0,-1.0,-1.0,-1.0,-1.0,-1.0,-1.0,-1.0,-1.0,-1.0,-1.0,-1.0,-1.0,-1.0,-1.0,-1.0,-1.0,-1.0,-1.0,-1.0,-1.0,-1.0,-1.0,-1.0,-1.0,-1.0,-1.0,-1.0,-1.0,-1.0,-1.0,-1.0,0.1235561524697683,-5.685245955316629,0.7540387566950906
37,0.074,0.30866890918087253,0.630200918574899,1.6719543887119772,0.1235561524697683,-5.685245955316629,0.0477187566950904,0.06177166380587795,0.1841,-0.0052,1.028,0.9992,-0.0071,0.04,-0.0031,0.006,-0.1188,0.0247,0.0281,0.0112,-0.0089,-0.2937,-0.1405,0.0958,0.0066,0.1001,0.0099,0.051,0.1029,-0.0018,0.0214,0.0918,-0.0132,0.0125,0.011,0.0658,-0.0726,0.0147,0.1304,-0.0169,0.0196,0.0082,-0.0587,-0.113,-0.0265,0.0485,0.6381,-0.7769,0.9147,-1.1027,0.067,0.6571,-0.1986,-0.0584,-2.1359,0.0191,1.177,-2.0558,1.8267,-0.2232,1.2613,1.2752,0.6146,0.549,1.2879,-0.1948,0.1829,0.2133,-0.4015,-1.0258,0.2514,2.1741,-0.2459,0.2727,0.1677,-1.0,-1.0,-1.0,-1.0,-1.0,-1.0,-1.0,-1.0,-1.0,-1.0,-1.0,-1.0,-1.0,-1.0,-1.0,-1.0,-1.0,-1.0,-1.0,-1.0,-1.0,-1.0,-1.0,-1.0,-1.0,-1.0,-1.0,-1.0,-1.0,-1.0,-1.0,-1.0,-1.0,-1.0,-1.0,-1.0,-1.0,-1.0,-1.0,-1.0,-1.0,-1.0,-1.0,-1.0,-1.0,-1.0,-1.0,-1.0,-1.0,-1.0,-1.0,-1.0,-1.0,-1.0,-1.0,-1.0,-1.0,-1.0,-1.0,-1.0,-1.0,-1.0,-1.0,0.1235561524697683,-5.685245955316629,0.7540387566950906
38,0.076,0.30891602148581204,0.6188304266642658,1.6720302062253674,0.1235561524697683,-5.685245955316629,0.028098756695090543,0.06177166380587795,0.184,-0.0054,1.0279,0.9991,-0.007,0.0406,-0.0039,0.0079,-0.1208,0.0248,0.0294,0.0109,-0.0094,-0.2975,-0.1401,0.098,0.0022,0.1037,0.0095,0.0535,0.1054,-0.0005,0.0225,0.0943,-0.0135,0.0129,0.0114,0.0648,-0.0746,0.0152,0.1346,-0.0174,0.0201,0.0085,-0.0563,-0.1148,-0.0267,0.067,0.5911,-0.7973,0.9495,-1.0448,0.0528,0.6555,-0.1637,-0.2176,-1.894,0.1656,1.095,-2.1896,1.7911,-0.2408,1.2457,1.239,0.6466,0.5519,1.257,-0.1881,0.1763,0.208,-0.4882,-0.9984,0.2431,2.1251,-0.2375,0.2612,0.1636,-1.0,-1.0,-1.0,-1.0,-1.0,-1.0,-1.0,-1.0,-1.0,-1.0,-1.0,-1.0,-1.0,-1.0,-1.0,-1.0,-1.0,-1.0,-1.0,-1.0,-1.0,-1.0,-1.0,-1.0,-1.0,-1.0,-1.0,-1.0,-1.0,-1.0,-1.0,-1.0,-1.0,-1.0,-1.0,-1.0,-1.0,-1.0,-1.0,-1.0,-1.0,-1.0,-1.0,-1.0,-1.0,-1.0,-1.0,-1.0,-1.0,-1.0,-1.0,-1.0,-1.0,-1.0,-1.0,-1.0,-1.0,-1.0,-1.0,-1.0,-1.0,-1.0,-1.0,0.1235561524697683,-5.685245955316629,0.7540387566950906
39,0.078,0.3091631337907516,0.6074599347536325,1.6720667837387577,0.1235561524697683,-5.685245955316629,0.008478756695090572,0.06177166380587795,0.1839,-0.0056,1.0279,0.9991,-0.007,0.0411,-0.0047,0.0098,-0.1228,0.0249,0.0307,0.0106,-0.0101,-0.3008,-0.1395,0.1,-0.0024,0.1072,0.009,0.056,0.1078,0.0008,0.0236,0.0967,-0.0139,0.0132,0.0118,0.0637,-0.0766,0.0157,0.1388,-0.0178,0.0206,0.0088,-0.0542,-0.1168,-0.027,0.0844,0.5452,-0.8186,0.9837,-0.9881,0.0398,0.6537,-0.1304,-0.3677,-1.6729,0.2959,1.0196,-2.2923,1.7368,-0.2528,1.2312,1.2006,0.6777,0.5544,1.2256,-0.1816,0.169,0.2026,-0.5752,-0.9699,0.2352,2.0745,-0.2293,0.25,0.1594,-1.0,-1.0,-1.0,-1.0,-1.0,-1.0,-1.0,-1.0,-1.0,-1.0,-1.0,-1.0,-1.0,-1.0,-1.0,-1.0,-1.0,-1.0,-1.0,-1.0,-1.0,-1.0,-1.0,-1.0,-1.0,-1.0,-1.0,-1.0,-1.0,-1.0,-1.0,-1.0,-1.0,-1.0,-1.0,-1.0,-1.0,-1.0,-1.0,-1.0,-1.0,-1.0,-1.0,-1.0,-1.0,-1.0,-1.0,-1.0,-1.0,-1.0,-1.0,-1.0,-1.0,-1.0,-1.0,-1.0,-1.0,-1.0,-1.0,-1.0,-1.0,-1.0,-1.0,0.1235561524697683,-5.685245955316629,0.7540387566950906
40,0.08,0.3094102460956911,0.5960894428429993,1.6720641212521479,0.1235561524697683,-5.685245955316629,-0.01114124330490951,0.06177166380587795,0.1837,-0.0059,1.0278,0.9991,-0.0069,0.0416,-0.0056,0.0119,-0.1247,0.0249,0.032,0.0103,-0.0109,-0.3038,-0.1387,0.1019,-0.0071,0.1105,0.0084,0.0584,0.1101,0.0022,0.0248,0.0991,-0.0143,0.0136,0.0122,0.0623,-0.0784,0.0161,0.1428,-0.0183,0.0211,0.0092,-0.0523,-0.119,-0.0275,0.1008,0.4997,-0.8403,1.0069,-0.9235,0.0235,0.6446,-0.1516,-0.3977,-1.4599,0.4166,0.9468,-2.3766,1.6694,-0.2625,1.2174,1.158,0.708,0.557,1.1915,-0.1751,0.161,0.1973,-0.6619,-0.9399,0.2285,2.0226,-0.2212,0.239,0.1552,-1.0,-1.0,-1.0,-1.0,-1.0,-1.0,-1.0,-1.0,-1.0,-1.0,-1.0,-1.0,-1.0,-1.0,-1.0,-1.0,-1.0,-1.0,-1.0,-1.0,-1.0,-1.0,-1.0,-1.0,-1.0,-1.0,-1.0,-1.0,-1.0,-1.0,-1.0,-1.0,-1.0,-1.0,-1.0,-1.0,-1.0,-1.0,-1.0,-1.0,-1.0,-1.0,-1.0,-1.0,-1.0,-1.0,-1.0,-1.0,-1.0,-1.0,-1.0,-1.0,-1.0,-1.0,-1.0,-1.0,-1.0,-1.0,-1.0,-1.0,-1.0,-1.0,-1.0,0.1235561524697683,-5.685245955316629,0.7540387566950906
41,0.082,0.3096573584006307,0.584718950932366,1.672022218765538,0.1235561524697683,-5.685245955316629,-0.03076124330490948,0.06177166380587795,0.1836,-0.0061,1.0278,0.9991,-0.0068,0.042,-0.0064,0.0139,-0.1264,0.0249,0.0333,0.01,-0.0118,-0.3063,-0.1376,0.1037,-0.012,0.1137,0.0079,0.0608,0.1123,0.0037,0.0259,0.1014,-0.0146,0.0139,0.0126,0.0608,-0.0803,0.0166,0.1467,-0.0187,0.0215,0.0095,-0.0506,-0.1212,-0.028,0.1174,0.4542,-0.8606,1.03,-0.86,0.0073,0.6362,-0.1668,-0.4371,-1.2541,0.5295,0.8742,-2.4453,1.5905,-0.2702,1.2021,1.1117,0.7375,0.5594,1.1565,-0.1688,0.1531,0.1919,-0.748,-0.9085,0.2225,1.9698,-0.2132,0.2286,0.151,-1.0,-1.0,-1.0,-1.0,-1.0,-1.0,-1.0,-1.0,-1.0,-1.0,-1.0,-1.0,-1.0,-1.0,-1.0,-1.0,-1.0,-1.0,-1.0,-1.0,-1.0,-1.0,-1.0,-1.0,-1.0,-1.0,-1.0,-1.0,-1.0,-1.0,-1.0,-1.0,-1.0,-1.0,-1.0,-1.0,-1.0,-1.0,-1.0,-1.0,-1.0,-1.0,-1.0,-1.0,-1.0,-1.0,-1.0,-1.0,-1.0,-1.0,-1.0,-1.0,-1.0,-1.0,-1.0,-1.0,-1.0,-1.0,-1.0,-1.0,-1.0,-1.0,-1.0,0.1235561524697683,-5.685245955316629,0.7540387566950906
42,0.084,0.3099044707055702,0.5733484590217328,1.6719410762789284,0.1235561524697683,-5.685245955316629,-0.05038124330490945,0.06177166380587795,0.1835,-0.0064,1.0277,0.999,-0.0067,0.0424,-0.0073,0.016,-0.128,0.0249,0.0345,0.0096,-0.0128,-0.3084,-0.1364,0.1053,-0.017,0.1167,0.0073,0.0632,0.1144,0.0052,0.027,0.1037,-0.0149,0.0142,0.013,0.0592,-0.082,0.017,0.1506,-0.0191,0.022,0.0098,-0.0491,-0.1234,-0.0285,0.1342,0.409,-0.8796,1.0526,-0.7978,-0.0089,0.6284,-0.1772,-0.4822,-1.0545,0.6352,0.8015,-2.5006,1.5019,-0.2762,1.1852,1.0624,0.7662,0.5616,1.1212,-0.1625,0.1461,0.1865,-0.8335,-0.8757,0.2172,1.9164,-0.2054,0.2186,0.1468,-1.0,-1.0,-1.0,-1.0,-1.0,-1.0,-1.0,-1.0,-1.0,-1.0,-1.0,-1.0,-1.0,-1.0,-1.0,-1.0,-1.0,-1.0,-1.0,-1.0,-1.0,-1.0,-1.0,-1.0,-1.0,-1.0,-1.0,-1.0,-1.0,-1.0,-1.0,-1.0,-1.0,-1.0,-1.0,-1.0,-1.0,-1.0,-1.0,-1.0,-1.0,-1.0,-1.0,-1.0,-1.0,-1.0,-1.0,-1.0,-1.0,-1.0,-1.0,-1.0,-1.0,-1.0,-1.0,-1.0,-1.0,-1.0,-1.0,-1.0,-1.0,-1.0,-1.0,0.1235561524697683,-5.685245955316629,0.7540387566950906
43,0.086,0.31015158301050977,0.5619779671110995,1.6718206937923183,0.1235561524697683,-5.685245955316629,-0.07000124330490953,0.06177166380587795,0.1835,-0.0066,1.0277,0.999,-0.0066,0.0428,-0.0082,0.0182,-0.1294,0.0248,0.0357,0.0092,-0.0135,-0.3101,-0.1347,0.1067,-0.0224,0.1196,0.0068,0.0655,0.1164,0.0068,0.0281,0.1058,-0.0152,0.0144,0.0133,0.0574,-0.0837,0.0174,0.1543,-0.0195,0.0224,0.01,-0.0448,-0.1253,-0.0312,0.1531,0.3482,-0.888,1.069,-0.7005,-0.0355,0.5939,-0.2054,-0.3644,-0.8775,0.8165,0.704,-2.6825,1.4613,-0.2504,1.174,1.0002,0.7848,0.5623,1.0703,-0.1549,0.1379,0.1797,-0.9133,-0.8351,0.2135,1.8581,-0.1957,0.2067,0.1415,-1.0,-1.0,-1.0,-1.0,-1.0,-1.0,-1.0,-1.0,-1.0,-1.0,-1.0,-1.0,-1.0,-1.0,-1.0,-1.0,-1.0,-1.0,-1.0,-1.0,-1.0,-1.0,-1.0,-1.0,-1.0,-1.0,-1.0,-1.0,-1.0,-1.0,-1.0,-1.0,-1.0,-1.0,-1.0,-1.0,-1.0,-1.0,-1.0,-1.0,-1.0,-1.0,-1.0,-1.0,-1.0,-1.0,-1.0,-1.0,-1.0,-1.0,-1.0,-1.0,-1.0,-1.0,-1.0,-1.0,-1.0,-1.0,-1.0,-1.0,-1.0,-1.0,-1.0,0.1235561524697683,-5.685245955316629,0.7540387566950906
44,0.088,0.3103986953154493,0.5506074752004662,1.6716610713057085,0.1235561524697683,-5.685245955316629,-0.0896212433049095,0.06177166380587795,0.1834,-0.0069,1.0276,0.999,-0.0065,0.0431,-0.0091,0.0203,-0.1306,0.0247,0.0368,0.0087,-0.014,-0.3115,-0.1329,0.1079,-0.0279,0.1223,0.0064,0.0678,0.1183,0.0084,0.0293,0.1079,-0.0155,0.0147,0.0137,0.0553,-0.0853,0.0178,0.1579,-0.0199,0.0228,0.0103,-0.0422,-0.1267,-0.0341,0.1734,0.2918,-0.8886,1.0717,-0.6109,-0.0631,0.5602,-0.2259,-0.2588,-0.6848,0.9357,0.6061,-2.7401,1.3452,-0.2269,1.1455,0.9327,0.804,0.5622,1.0238,-0.1476,0.1323,0.1732,-1.0021,-0.7924,0.2095,1.7966,-0.1865,0.1955,0.1363,-1.0,-1.0,-1.0,-1.0,-1.0,-1.0,-1.0,-1.0,-1.0,-1.0,-1.0,-1.0,-1.0,-1.0,-1.0,-1.0,-1.0,-1.0,-1.0,-1.0,-1.0,-1.0,-1.0,-1.0,-1.0,-1.0,-1.0,-1.0,-1.0,-1.0,-1.0,-1.0,-1.0,-1.0,-1.0,-1.0,-1.0,-1.0,-1.0,-1.0,-1.0,-1.0,-1.0,-1.0,-1.0,-1.0,-1.0,-1.0,-1.0,-1.0,-1.0,-1.0,-1.0,-1.0,-1.0,-1.0,-1.0,-1.0,-1.0,-1.0,-1.0,-1.0,-1.0,0.1235561524697683,-5.685245955316629,0.7540387566950906
45,0.09,0.31064580762038885,0.539236983289833,1.6714622088190987,0.1235561524697683,-5.685245955316629,-0.10924124330490947,0.06177166380587795,0.1833,-0.0071,1.0275,0.999,-0.0063,0.0433,-0.01,0.0224,-0.1316,0.0245,0.0379,0.0083,-0.0143,-0.3126,-0.1308,0.1089,-0.033,0.125,0.006,0.07,0.12,0.0101,0.0304,0.1098,-0.0158,0.015,0.014,0.0532,-0.0868,0.0182,0.1614,-0.0202,0.0231,0.0106,-0.0392,-0.1273,-0.0381,0.1991,0.233,-0.8789,1.0637,-0.5175,-0.0976,0.5242,-0.2424,-0.1557,-0.5341,1.0126,0.4922,-2.5627,1.3732,-0.2,1.1025,0.8618,0.8239,0.5605,0.9812,-0.1406,0.1268,0.1668,-1.0932,-0.7475,0.2051,1.7324,-0.1777,0.1849,0.1313,-1.0,-1.0,-1.0,-1.0,-1.0,-1.0,-1.0,-1.0,-1.0,-1.0,-1.0,-1.0,-1.0,-1.0,-1.0,-1.0,-1.0,-1.0,-1.0,-1.0,-1.0,-1.0,-1.0,-1.0,-1.0,-1.0,-1.0,-1.0,-1.0,-1.0,-1.0,-1.0,-1.0,-1.0,-1.0,-1.0,-1.0,-1.0,-1.0,-1.0,-1.0,-1.0,-1.0,-1.0,-1.0,-1.0,-1.0,-1.0,-1.0,-1.0,-1.0,-1.0,-1.0,-1.0,-1.0,-1.0,-1.0,-1.0,-1.0,-1.0,-1.0,-1.0,-1.0,0.1235561524697683,-5.685245955316629,0.7540387566950906
46,0.092,0.31089291992532836,0.5278664913791997,1.671224106332489,0.1235561524697683,-5.685245955316629,-0.12886124330490945,0.06177166380587795,0.1832,-0.0074,1.0274,0.999,-0.0061,0.0435,-0.0109,0.0245,-0.1325,0.0243,0.0388,0.0077,-0.0144,-0.3134,-0.1287,0.1096,-0.0377,0.1278,0.0056,0.0721,0.1216,0.0118,0.0315,0.1117,-0.0161,0.0152,0.0143,0.0508,-0.0882,0.0187,0.1647,-0.0205,0.0235,0.0108,-0.0363,-0.1279,-0.0424,0.226,0.1751,-0.8686,1.0572,-0.4255,-0.1336,0.4883,-0.2558,-0.0574,-0.4175,1.0798,0.3816,-2.3705,1.4056,-0.1744,1.0609,0.7874,0.8427,0.5587,0.9385,-0.134,0.1213,0.1607,-1.1812,-0.7013,0.2018,1.6694,-0.1694,0.1751,0.1265,-1.0,-1.0,-1.0,-1.0,-1.0,-1.0,-1.0,-1.0,-1.0,-1.0,-1.0,-1.0,-1.0,-1.0,-1.0,-1.0,-1.0,-1.0,-1.0,-1.0,-1.0,-1.0,-1.0,-1.0,-1.0,-1.0,-1.0,-1.0,-1.0,-1.0,-1.0,-1.0,-1.0,-1.0,-1.0,-1.0,-1.0,-1.0,-1.0,-1.0,-1.0,-1.0,-1.0,-1.0,-1.0,-1.0,-1.0,-1.0,-1.0,-1.0,-1.0,-1.0,-1.0,-1.0,-1.0,-1.0,-1.0,-1.0,-1.0,-1.0,-1.0,-1.0,-1.0,0.1235561524697683,-5.685245955316629,0.7540387566950906
47,0.094,0.31114003223026787,0.5164959994685665,1.6709467638458793,0.1235561524697683,-5.685245955316629,-0.14848124330490942,0.06177166380587795,0.1832,-0.0076,1.0273,0.999,-0.0059,0.0436,-0.0118,0.0267,-0.1332,0.0239,0.0398,0.0072,-0.0144,-0.314,-0.1264,0.1102,-0.0425,0.1302,0.0053,0.0742,0.123,0.0135,0.0326,0.1135,-0.0163,0.0154,0.0146,0.0483,-0.0895,0.0191,0.1679,-0.0209,0.0238,0.0111,-0.0356,-0.1288,-0.0456,0.2478,0.1258,-0.8645,1.0563,-0.3474,-0.1627,0.4552,-0.2635,0.0281,-0.2739,1.1395,0.3013,-2.3944,1.1677,-0.1577,1.0264,0.7078,0.8597,0.5577,0.8939,-0.1276,0.1134,0.1548,-1.269,-0.6549,0.2001,1.6096,-0.1614,0.1658,0.1219,-1.0,-1.0,-1.0,-1.0,-1.0,-1.0,-1.0,-1.0,-1.0,-1.0,-1.0,-1.0,-1.0,-1.0,-1.0,-1.0,-1.0,-1.0,-1.0,-1.0,-1.0,-1.0,-1.0,-1.0,-1.0,-1.0,-1.0,-1.0,-1.0,-1.0,-1.0,-1.0,-1.0,-1.0,-1.0,-1.0,-1.0,-1.0,-1.0,-1.0,-1.0,-1.0,-1.0,-1.0,-1.0,-1.0,-1.0,-1.0,-1.0,-1.0,-1.0,-1.0,-1.0,-1.0,-1.0,-1.0,-1.0,-1.0,-1.0,-1.0,-1.0,-1.0,-1.0,0.1235561524697683,-5.685245955316629,0.7540387566950906
48,0.096,0.31138714453520744,0.5051255075579332,1.6706301813592694,0.1235561524697683,-5.685245955316629,-0.1681012433049095,0.06177166380587795,0.1831,-0.0079,1.0272,0.999,-0.0057,0.0437,-0.0126,0.0288,-0.1337,0.0235,0.0406,0.0067,-0.0141,-0.3143,-0.124,0.1107,-0.0473,0.1321,0.005,0.0762,0.1243,0.0152,0.0337,0.1152,-0.0166,0.0156,0.0149,0.0456,-0.0907,0.0194,0.171,-0.0212,0.0241,0.0113,-0.0348,-0.1297,-0.0491,0.2702,0.077,-0.8599,1.0565,-0.2708,-0.1924,0.423,-0.2693,0.1106,-0.1536,1.1912,0.2251,-2.3998,0.9478,-0.1418,0.9922,0.6258,0.8759,0.5565,0.8493,-0.1216,0.1059,0.1492,-1.3545,-0.6079,0.1992,1.5509,-0.1537,0.1571,0.1174,-1.0,-1.0,-1.0,-1.0,-1.0,-1.0,-1.0,-1.0,-1.0,-1.0,-1.0,-1.0,-1.0,-1.0,-1.0,-1.0,-1.0,-1.0,-1.0,-1.0,-1.0,-1.0,-1.0,-1.0,-1.0,-1.0,-1.0,-1.0,-1.0,-1.0,-1.0,-1.0,-1.0,-1.0,-1.0,-1.0,-1.0,-1.0,-1.0,-1.0,-1.0,-1.0,-1.0,-1.0,-1.0,-1.0,-1.0,-1.0,-1.0,-1.0,-1.0,-1.0,-1.0,-1.0,-1.0,-1.0,-1.0,-1.0,-1.0,-1.0,-1.0,-1.0,-1.0,0.1235561524697683,-5.685245955316629,0.7540387566950906
49,0.098,0.31163425684014695,0.49375501564729996,1.6702743588726594,0.1235561524697683,-5.685245955316629,-0.18772124330490947,0.06177166380587795,0.183,-0.0082,1.0271,0.9989,-0.0055,0.0437,-0.0135,0.0308,-0.1341,0.0232,0.0414,0.0061,-0.0137,-0.3141,-0.1213,0.111,-0.0523,0.1335,0.0047,0.0781,0.1253,0.017,0.0348,0.1168,-0.0168,0.0158,0.0152,0.0427,-0.0919,0.0198,0.174,-0.0215,0.0244,0.0115,-0.0321,-0.1352,-0.0494,0.2574,0.0096,-0.8222,1.0059,-0.173,-0.1702,0.3925,-0.2834,0.2022,0.0644,1.3544,0.1724,-2.4745,0.6881,-0.1815,0.9366,0.5183,0.8763,0.5503,0.7841,-0.1133,0.0953,0.1412,-1.4289,-0.5845,0.1905,1.4798,-0.1433,0.1452,0.1111,-1.0,-1.0,-1.0,-1.0,-1.0,-1.0,-1.0,-1.0,-1.0,-1.0,-1.0,-1.0,-1.0,-1.0,-1.0,-1.0,-1.0,-1.0,-1.0,-1.0,-1.0,-1.0,-1.0,-1.0,-1.0,-1.0,-1.0,-1.0,-1.0,-1.0,-1.0,-1.0,-1.0,-1.0,-1.0,-1.0,-1.0,-1.0,-1.0,-1.0,-1.0,-1.0,-1.0,-1.0,-1.0,-1.0,-1.0,-1.0,-1.0,-1.0,-1.0,-1.0,-1.0,-1.0,-1.0,-1.0,-1.0,-1.0,-1.0,-1.0,-1.0,-1.0,-1.0,0.1235561524697683,-5.685245955316629,0.7540387566950906
50,0.1,0.3118813691450865,0.48238452373666674,1.6698792963860496,0.1235561524697683,-5.685245955316629,-0.20734124330490955,0.06177166380587795,0.183,-0.0084,1.0271,0.9989,-0.0052,0.0436,-0.0142,0.0327,-0.1343,0.0229,0.0422,0.0055,-0.0135,-0.3136,-0.1183,0.1113,-0.0572,0.1342,0.0042,0.0798,0.1261,0.0187,0.0359,0.1182,-0.017,0.016,0.0155,0.0397,-0.093,0.0202,0.1768,-0.0217,0.0247,0.0117,-0.0303,-0.1406,-0.0469,0.2476,-0.0557,-0.7745,0.9483,-0.095,-0.1443,0.3908,-0.2989,0.1245,0.2661,1.4974,0.1189,-2.493,0.3932,-0.2177,0.87,0.4057,0.8777,0.5419,0.7265,-0.1056,0.0856,0.1337,-1.5084,-0.5632,0.1801,1.4097,-0.1336,0.1342,0.1051,-1.0,-1.0,-1.0,-1.0,-1.0,-1.0,-1.0,-1.0,-1.0,-1.0,-1.0,-1.0,-1.0,-1.0,-1.0,-1.0,-1.0,-1.0,-1.0,-1.0,-1.0,-1.0,-1.0,-1.0,-1.0,-1.0,-1.0,-1.0,-1.0,-1.0,-1.0,-1.0,-1.0,-1.0,-1.0,-1.0,-1.0,-1.0,-1.0,-1.0,-1.0,-1.0,-1.0,-1.0,-1.0,-1.0,-1.0,-1.0,-1.0,-1.0,-1.0,-1.0,-1.0,-1.0,-1.0,-1.0,-1.0,-1.0,-1.0,-1.0,-1.0,-1.0,-1.0,0.1235561524697683,-5.685245955316629,0.7540387566950906
51,0.102,0.31212848145002603,0.4710140318260334,1.6694449938994398,0.1235561524697683,-5.685245955316629,-0.22696124330490952,0.06177166380587795,0.1829,-0.0087,1.027,0.9989,-0.005,0.0435,-0.015,0.0345,-0.1343,0.0227,0.043,0.0049,-0.0134,-0.3127,-0.1151,0.1114,-0.0622,0.1344,0.0037,0.0814,0.1267,0.0205,0.037,0.1196,-0.0172,0.0162,0.0157,0.0365,-0.0941,0.0205,0.1795,-0.022,0.0249,0.0119,-0.0289,-0.1459,-0.0443,0.2385,-0.1192,-0.7247,0.8915,-0.024,-0.1203,0.3961,-0.313,0.0541,0.4487,1.6228,0.069,-2.4715,0.0847,-0.2494,0.7987,0.291,0.8791,0.5331,0.6708,-0.0985,0.0766,0.1267,-1.5895,-0.5416,0.1702,1.3403,-0.1246,0.124,0.0995,-1.0,-1.0,-1.0,-1.0,-1.0,-1.0,-1.0,-1.0,-1.0,-1.0,-1.0,-1.0,-1.0,-1.0,-1.0,-1.0,-1.0,-1.0,-1.0,-1.0,-1.0,-1.0,-1.0,-1.0,-1.0,-1.0,-1.0,-1.0,-1.0,-1.0,-1.0,-1.0,-1.0,-1.0,-1.0,-1.0,-1.0,-1.0,-1.0,-1.0,-1.0,-1.0,-1.0,-1.0,-1.0,-1.0,-1.0,-1.0,-1.0,-1.0,-1.0,-1.0,-1.0,-1.0,-1.0,-1.0,-1.0,-1.0,-1.0,-1.0,-1.0,-1.0,-1.0,0.1235561524697683,-5.685245955316629,0.7540387566950906
52,0.104,0.3123755937549656,0.4596435399154002,1.66897145141283,0.1235561524697683,-5.685245955316629,-0.2465812433049095,0.06177166380587795,0.1828,-0.009,1.0269,0.9989,-0.0048,0.0433,-0.0157,0.0361,-0.1342,0.0224,0.0437,0.0042,-0.0134,-0.3115,-0.1116,0.1114,-0.0665,0.1347,0.0033,0.0828,0.1271,0.0223,0.038,0.1208,-0.0174,0.0163,0.016,0.0332,-0.0951,0.0209,0.182,-0.0222,0.0252,0.0121,-0.0259,-0.1504,-0.0437,0.2409,-0.1868,-0.6622,0.8294,0.0563,-0.1127,0.393,-0.3232,-0.0008,0.6018,1.727,0.0018,-2.1733,0.1368,-0.243,0.7137,0.1787,0.8831,0.5233,0.6211,-0.092,0.0688,0.1201,-1.6656,-0.5138,0.1608,1.2705,-0.1163,0.1146,0.0943,-1.0,-1.0,-1.0,-1.0,-1.0,-1.0,-1.0,-1.0,-1.0,-1.0,-1.0,-1.0,-1.0,-1.0,-1.0,-1.0,-1.0,-1.0,-1.0,-1.0,-1.0,-1.0,-1.0,-1.0,-1.0,-1.0,-1.0,-1.0,-1.0,-1.0,-1.0,-1.0,-1.0,-1.0,-1.0,-1.0,-1.0,-1.0,-1.0,-1.0,-1.0,-1.0,-1.0,-1.0,-1.0,-1.0,-1.0,-1.0,-1.0,-1.0,-1.0,-1.0,-1.0,-1.0,-1.0,-1.0,-1.0,-1.0,-1.0,-1.0,-1.0,-1.0,-1.0,0.1235561524697683,-5.685245955316629,0.7540387566950906
53,0.106,0.3126227060599051,0.44827304800476686,1.6684586689262202,0.1235561524697683,-5.685245955316629,-0.26620124330490946,0.06177166380587795,0.1828,-0.0093,1.0268,0.9989,-0.0046,0.043,-0.0163,0.0377,-0.1339,0.0222,0.0445,0.0037,-0.0137,-0.31,-0.108,0.1113,-0.0703,0.1351,0.0028,0.0841,0.1272,0.024,0.039,0.1219,-0.0176,0.0164,0.0162,0.0297,-0.0961,0.0212,0.1844,-0.0224,0.0254,0.0123,-0.0231,-0.1539,-0.043,0.2507,-0.2511,-0.601,0.7816,0.1296,-0.111,0.3867,-0.2757,-0.1705,0.7378,1.8165,-0.0699,-1.8724,0.1882,-0.234,0.6272,0.0691,0.8872,0.5135,0.5773,-0.0859,0.0616,0.114,-1.7377,-0.481,0.1528,1.2038,-0.1088,0.106,0.0894,-1.0,-1.0,-1.0,-1.0,-1.0,-1.0,-1.0,-1.0,-1.0,-1.0,-1.0,-1.0,-1.0,-1.0,-1.0,-1.0,-1.0,-1.0,-1.0,-1.0,-1.0,-1.0,-1.0,-1.0,-1.0,-1.0,-1.0,-1.0,-1.0,-1.0,-1.0,-1.0,-1.0,-1.0,-1.0,-1.0,-1.0,-1.0,-1.0,-1.0,-1.0,-1.0,-1.0,-1.0,-1.0,-1.0,-1.0,-1.0,-1.0,-1.0,-1.0,-1.0,-1.0,-1.0,-1.0,-1.0,-1.0,-1.0,-1.0,-1.0,-1.0,-1.0,-1.0,0.1235561524697683,-5.685245955316629,0.7540387566950906
54,0.108,0.3128698183648447,0.43690255609413364,1.6679066464396104,0.1235561524697683,-5.685245955316629,-0.28582124330490943,0.06177166380587795,0.1828,-0.0096,1.0267,0.9989,-0.0043,0.0427,-0.0169,0.0393,-0.1335,0.0219,0.0452,0.0032,-0.0141,-0.308,-0.1043,0.1109,-0.0743,0.1351,0.0021,0.0853,0.1271,0.0258,0.0401,0.123,-0.0177,0.0165,0.0164,0.0261,-0.0969,0.0215,0.1867,-0.0226,0.0256,0.0125,-0.0224,-0.1513,-0.0456,0.2964,-0.2932,-0.6341,0.8133,0.223,-0.1654,0.3248,-0.2614,-0.1889,1.0317,1.846,-0.2107,-2.0311,0.0417,-0.3388,0.6065,-0.0317,0.9073,0.512,0.5445,-0.0784,0.0544,0.1065,-1.7769,-0.4062,0.1549,1.1571,-0.0993,0.0967,0.0835,-1.0,-1.0,-1.0,-1.0,-1.0,-1.0,-1.0,-1.0,-1.0,-1.0,-1.0,-1.0,-1.0,-1.0,-1.0,-1.0,-1.0,-1.0,-1.0,-1.0,-1.0,-1.0,-1.0,-1.0,-1.0,-1.0,-1.0,-1.0,-1.0,-1.0,-1.0,-1.0,-1.0,-1.0,-1.0,-1.0,-1.0,-1.0,-1.0,-1.0,-1.0,-1.0,-1.0,-1.0,-1.0,-1.0,-1.0,-1.0,-1.0,-1.0,-1.0,-1.0,-1.0,-1.0,-1.0,-1.0,-1.0,-1.0,-1.0,-1.0,-1.0,-1.0,-1.0,0.1235561524697683,-5.685245955316629,0.7540387566950906
55,0.11,0.3131169306697842,0.4255320641835004,1.6673153839530006,0.1235561524697683,-5.685245955316629,-0.3054412433049094,0.06177166380587795,0.1827,-0.01,1.0266,0.9989,-0.004,0.0424,-0.0175,0.0409,-0.1329,0.0215,0.0457,0.0026,-0.0144,-0.3054,-0.1004,0.1102,-0.0789,0.1349,0.0013,0.0864,0.1269,0.0277,0.0411,0.1241,-0.0179,0.0166,0.0166,0.0225,-0.0976,0.0218,0.1889,-0.0228,0.0258,0.0126,-0.0206,-0.1508,-0.0483,0.3274,-0.3381,-0.6266,0.8054,0.3189,-0.2036,0.2559,-0.264,-0.1328,1.2986,1.9562,-0.3296,-2.2562,-0.1134,-0.4174,0.5448,-0.1321,0.9193,0.5067,0.5086,-0.0715,0.0476,0.0996,-1.8141,-0.3407,0.1547,1.1036,-0.0905,0.0879,0.078,-1.0,-1.0,-1.0,-1.0,-1.0,-1.0,-1.0,-1.0,-1.0,-1.0,-1.0,-1.0,-1.0,-1.0,-1.0,-1.0,-1.0,-1.0,-1.0,-1.0,-1.0,-1.0,-1.0,-1.0,-1.0,-1.0,-1.0,-1.0,-1.0,-1.0,-1.0,-1.0,-1.0,-1.0,-1.0,-1.0,-1.0,-1.0,-1.0,-1.0,-1.0,-1.0,-1.0,-1.0,-1.0,-1.0,-1.0,-1.0,-1.0,-1.0,-1.0,-1.0,-1.0,-1.0,-1.0,-1.0,-1.0,-1.0,-1.0,-1.0,-1.0,-1.0,-1.0,0.1235561524697683,-5.685245955316629,0.7540387566950906
56,0.112,0.31336404297472376,0.4141615722728672,1.6666848814663906,0.1235561524697683,-5.685245955316629,-0.3250612433049096,0.06177166380587795,0.1827,-0.0103,1.0265,0.9989,-0.0037,0.042,-0.0181,0.0425,-0.1321,0.0211,0.0461,0.0022,-0.0148,-0.3023,-0.0963,0.1094,-0.0835,0.134,0.0003,0.0873,0.1264,0.0295,0.0421,0.125,-0.018,0.0167,0.0168,0.0188,-0.0981,0.0221,0.191,-0.023,0.0259,0.0128,-0.0194,-0.152,-0.0482,0.3422,-0.3829,-0.5919,0.7867,0.4016,-0.2158,0.1895,-0.213,-0.2072,1.5259,2.0367,-0.4158,-2.3104,-0.4399,-0.4923,0.4537,-0.2352,0.9196,0.4967,0.4729,-0.0651,0.0413,0.093,-1.8562,-0.2877,0.151,1.0448,-0.0825,0.0795,0.0728,-1.0,-1.0,-1.0,-1.0,-1.0,-1.0,-1.0,-1.0,-1.0,-1.0,-1.0,-1.0,-1.0,-1.0,-1.0,-1.0,-1.0,-1.0,-1.0,-1.0,-1.0,-1.0,-1.0,-1.0,-1.0,-1.0,-1.0,-1.0,-1.0,-1.0,-1.0,-1.0,-1.0,-1.0,-1.0,-1.0,-1.0,-1.0,-1.0,-1.0,-1.0,-1.0,-1.0,-1.0,-1.0,-1.0,-1.0,-1.0,-1.0,-1.0,-1.0,-1.0,-1.0,-1.0,-1.0,-1.0,-1.0,-1.0,-1.0,-1.0,-1.0,-1.0,-1.0,0.1235561524697683,-5.685245955316629,0.7540387566950906
57,0.114,0.31361115527966327,0.4027910803622339,1.6660151389797808,0.1235561524697683,-5.685245955316629,-0.34468124330490957,0.06177166380587795,0.1826,-0.0106,1.0264,0.999,-0.0034,0.0415,-0.0187,0.044,-0.1311,0.0206,0.0463,0.0019,-0.0154,-0.2989,-0.0921,0.1084,-0.0879,0.1323,-0.0008,0.088,0.1257,0.0313,0.043,0.1259,-0.0181,0.0168,0.017,0.015,-0.0986,0.0224,0.193,-0.0231,0.0261,0.0129,-0.0191,-0.1539,-0.0471,0.3489,-0.4266,-0.5442,0.7559,0.4786,-0.2165,0.1225,-0.1489,-0.3025,1.7135,2.0783,-0.4805,-2.2253,-0.8689,-0.5659,0.3523,-0.3405,0.9129,0.4846,0.4348,-0.0592,0.0352,0.0869,-1.9009,-0.2425,0.146,0.9828,-0.0751,0.0715,0.0679,-1.0,-1.0,-1.0,-1.0,-1.0,-1.0,-1.0,-1.0,-1.0,-1.0,-1.0,-1.0,-1.0,-1.0,-1.0,-1.0,-1.0,-1.0,-1.0,-1.0,-1.0,-1.0,-1.0,-1.0,-1.0,-1.0,-1.0,-1.0,-1.0,-1.0,-1.0,-1.0,-1.0,-1.0,-1.0,-1.0,-1.0,-1.0,-1.0,-1.0,-1.0,-1.0,-1.0,-1.0,-1.0,-1.0,-1.0,-1.0,-1.0,-1.0,-1.0,-1.0,-1.0,-1.0,-1.0,-1.0,-1.0,-1.0,-1.0,-1.0,-1.0,-1.0,-1.0,0.1235561524697683,-5.685245955316629,0.7540387566950906
58,0.116,0.3138582675846028,0.39142058845160066,1.665306156493171,0.1235561524697683,-5.685245955316629,-0.36430124330490954,0.06177166380587795,0.1826,-0.0109,1.0263,0.999,-0.0031,0.0411,-0.0192,0.0454,-0.13,0.0202,0.0464,0.0017,-0.016,-0.2951,-0.0879,0.1073,-0.0922,0.1298,-0.0021,0.0885,0.1248,0.0332,0.044,0.1267,-0.0182,0.0168,0.0172,0.0111,-0.099,0.0227,0.1948,-0.0233,0.0262,0.013,-0.0189,-0.1552,-0.0471,0.3602,-0.4684,-0.4952,0.7109,0.5583,-0.2274,0.0543,-0.1274,-0.2986,1.8692,2.1083,-0.5452,-2.1258,-1.2577,-0.6324,0.256,-0.4455,0.9074,0.4733,0.3942,-0.054,0.0294,0.0813,-1.9428,-0.1968,0.1423,0.9213,-0.0685,0.064,0.0635,-1.0,-1.0,-1.0,-1.0,-1.0,-1.0,-1.0,-1.0,-1.0,-1.0,-1.0,-1.0,-1.0,-1.0,-1.0,-1.0,-1.0,-1.0,-1.0,-1.0,-1.0,-1.0,-1.0,-1.0,-1.0,-1.0,-1.0,-1.0,-1.0,-1.0,-1.0,-1.0,-1.0,-1.0,-1.0,-1.0,-1.0,-1.0,-1.0,-1.0,-1.0,-1.0,-1.0,-1.0,-1.0,-1.0,-1.0,-1.0,-1.0,-1.0,-1.0,-1.0,-1.0,-1.0,-1.0,-1.0,-1.0,-1.0,-1.0,-1.0,-1.0,-1.0,-1.0,0.1235561524697683,-5.685245955316629,0.7540387566950906
59,0.118,0.31410537988954235,0.38005009654096733,1.6645579340065613,0.1235561524697683,-5.685245955316629,-0.3839212433049095,0.06177166380587795,0.1826,-0.0112,1.0262,0.999,-0.0027,0.0405,-0.0197,0.0467,-0.1287,0.0197,0.0464,0.0015,-0.0166,-0.2912,-0.0837,0.1061,-0.0957,0.1272,-0.0033,0.0888,0.1237,0.035,0.0449,0.1274,-0.0183,0.0169,0.0173,0.0072,-0.0993,0.0229,0.1966,-0.0234,0.0263,0.0132,-0.017,-0.1558,-0.0495,0.3848,-0.5163,-0.4299,0.6533,0.6435,-0.2547,-0.0085,-0.1066,-0.2989,1.9784,2.1253,-0.6232,-1.7392,-1.293,-0.6164,0.1503,-0.5486,0.906,0.461,0.3558,-0.0493,0.0241,0.0762,-1.9802,-0.1481,0.1382,0.8573,-0.0625,0.057,0.0594,-1.0,-1.0,-1.0,-1.0,-1.0,-1.0,-1.0,-1.0,-1.0,-1.0,-1.0,-1.0,-1.0,-1.0,-1.0,-1.0,-1.0,-1.0,-1.0,-1.0,-1.0,-1.0,-1.0,-1.0,-1.0,-1.0,-1.0,-1.0,-1.0,-1.0,-1.0,-1.0,-1.0,-1.0,-1.0,-1.0,-1.0,-1.0,-1.0,-1.0,-1.0,-1.0,-1.0,-1.0,-1.0,-1.0,-1.0,-1.0,-1.0,-1.0,-1.0,-1.0,-1.0,-1.0,-1.0,-1.0,-1.0,-1.0,-1.0,-1.0,-1.0,-1.0,-1.0,0.1235561524697683,-5.685245955316629,0.7540387566950906
60,0.12,0.31435249219448186,0.3686796046303341,1.6637704715199515,0.1235561524697683,-5.685245955316629,-0.4035412433049095,0.06177166380587795,0.1825,-0.0115,1.0261,0.999,-0.0023,0.04,-0.0201,0.0479,-0.1272,0.019,0.0462,0.0013,-0.017,-0.2869,-0.0794,0.1045,-0.099,0.125,-0.0045,0.0889,0.1224,0.0368,0.0458,0.128,-0.0184,0.0169,0.0174,0.0032,-0.0995,0.0232,0.1981,-0.0235,0.0264,0.0133,-0.0144,-0.152,-0.0559,0.4358,-0.5629,-0.3826,0.5978,0.756,-0.32,-0.1094,-0.0862,-0.1956,2.169,2.1591,-0.7821,-1.6497,-1.1216,-0.5881,0.0484,-0.651,0.92,0.4519,0.314,-0.0433,0.0176,0.0697,-1.9997,-0.0761,0.1378,0.7883,-0.0549,0.0479,0.0543,-1.0,-1.0,-1.0,-1.0,-1.0,-1.0,-1.0,-1.0,-1.0,-1.0,-1.0,-1.0,-1.0,-1.0,-1.0,-1.0,-1.0,-1.0,-1.0,-1.0,-1.0,-1.0,-1.0,-1.0,-1.0,-1.0,-1.0,-1.0,-1.0,-1.0,-1.0,-1.0,-1.0,-1.0,-1.0,-1.0,-1.0,-1.0,-1.0,-1.0,-1.0,-1.0,-1.0,-1.0,-1.0,-1.0,-1.0,-1.0,-1.0,-1.0,-1.0,-1.0,-1.0,-1.0,-1.0,-1.0,-1.0,-1.0,-1.0,-1.0,-1.0,-1.0,-1.0,0.1235561524697683,-5.685245955316629,0.7540387566950906
61,0.122,0.3145996044994214,0.3573091127197009,1.6629437690333417,0.1235561524697683,-5.685245955316629,-0.42316124330490945,0.06177166380587795,0.1825,-0.0118,1.026,0.999,-0.0019,0.0394,-0.0204,0.049,-0.1255,0.0183,0.0458,0.0012,-0.0172,-0.2822,-0.0751,0.1027,-0.1017,0.123,-0.0056,0.0888,0.1209,0.0387,0.0467,0.1285,-0.0185,0.0169,0.0176,-0.0009,-0.0995,0.0235,0.1996,-0.0236,0.0265,0.0134,-0.0127,-0.1495,-0.0617,0.4762,-0.6057,-0.3166,0.5328,0.8565,-0.3732,-0.2091,-0.0571,-0.099,2.3241,2.1554,-0.9032,-1.3548,-0.9814,-0.5606,-0.0735,-0.7537,0.9244,0.4393,0.2733,-0.0377,0.0117,0.0636,-2.0252,-0.0151,0.1346,0.7157,-0.048,0.0394,0.0494,-1.0,-1.0,-1.0,-1.0,-1.0,-1.0,-1.0,-1.0,-1.0,-1.0,-1.0,-1.0,-1.0,-1.0,-1.0,-1.0,-1.0,-1.0,-1.0,-1.0,-1.0,-1.0,-1.0,-1.0,-1.0,-1.0,-1.0,-1.0,-1.0,-1.0,-1.0,-1.0,-1.0,-1.0,-1.0,-1.0,-1.0,-1.0,-1.0,-1.0,-1.0,-1.0,-1.0,-1.0,-1.0,-1.0,-1.0,-1.0,-1.0,-1.0,-1.0,-1.0,-1.0,-1.0,-1.0,-1.0,-1.0,-1.0,-1.0,-1.0,-1.0,-1.0,-1.0,0.1235561524697683,-5.685245955316629,0.7540387566950906
62,0.124,0.31484671680436094,0.3459386208090677,1.6620778265467318,0.1235561524697683,-5.685245955316629,-0.4427812433049094,0.06177166380587795,0.1825,-0.0121,1.0258,0.999,-0.0014,0.0387,-0.0207,0.0499,-0.1236,0.0174,0.0452,0.0011,-0.0172,-0.2773,-0.0708,0.1007,-0.1035,0.1212,-0.0067,0.0884,0.1192,0.0405,0.0475,0.129,-0.0185,0.0169,0.0177,-0.005,-0.0994,0.0237,0.2008,-0.0237,0.0265,0.0135,-0.0114,-0.1472,-0.0676,0.514,-0.6469,-0.2417,0.4645,0.9484,-0.4238,-0.3018,-0.0254,-0.0073,2.4378,2.127,-1.008,-0.9373,-0.8721,-0.5326,-0.2007,-0.8554,0.9249,0.4249,0.2339,-0.0328,0.0064,0.058,-2.0528,0.0398,0.1301,0.6413,-0.0417,0.0315,0.045,-1.0,-1.0,-1.0,-1.0,-1.0,-1.0,-1.0,-1.0,-1.0,-1.0,-1.0,-1.0,-1.0,-1.0,-1.0,-1.0,-1.0,-1.0,-1.0,-1.0,-1.0,-1.0,-1.0,-1.0,-1.0,-1.0,-1.0,-1.0,-1.0,-1.0,-1.0,-1.0,-1.0,-1.0,-1.0,-1.0,-1.0,-1.0,-1.0,-1.0,-1.0,-1.0,-1.0,-1.0,-1.0,-1.0,-1.0,-1.0,-1.0,-1.0,-1.0,-1.0,-1.0,-1.0,-1.0,-1.0,-1.0,-1.0,-1.0,-1.0,-1.0,-1.0,-1.0,0.1235561524697683,-5.685245955316629,0.7540387566950906
63,0.126,0.3150938291093005,0.33456812889843435,1.661172644060122,0.1235561524697683,-5.685245955316629,-0.4624012433049094,0.06177166380587795,0.1825,-0.0124,1.0257,0.9991,-0.0009,0.038,-0.0209,0.0508,-0.1215,0.0165,0.0444,0.0011,-0.0171,-0.2722,-0.0666,0.0985,-0.1055,0.1186,-0.0079,0.0878,0.1173,0.0424,0.0484,0.1294,-0.0186,0.0169,0.0178,-0.0092,-0.0992,0.024,0.202,-0.0237,0.0266,0.0135,-0.0131,-0.1438,-0.0713,0.5459,-0.6749,-0.1907,0.4153,1.016,-0.4674,-0.3796,0.0084,0.0582,2.5513,2.0978,-1.1001,-0.987,-1.3134,-0.6246,-0.2985,-0.9568,0.9236,0.4136,0.1928,-0.0284,0.0012,0.053,-2.0806,0.0919,0.1286,0.5739,-0.0361,0.0243,0.0411,-1.0,-1.0,-1.0,-1.0,-1.0,-1.0,-1.0,-1.0,-1.0,-1.0,-1.0,-1.0,-1.0,-1.0,-1.0,-1.0,-1.0,-1.0,-1.0,-1.0,-1.0,-1.0,-1.0,-1.0,-1.0,-1.0,-1.0,-1.0,-1.0,-1.0,-1.0,-1.0,-1.0,-1.0,-1.0,-1.0,-1.0,-1.0,-1.0,-1.0,-1.0,-1.0,-1.0,-1.0,-1.0,-1.0,-1.0,-1.0,-1.0,-1.0,-1.0,-1.0,-1.0,-1.0,-1.0,-1.0,-1.0,-1.0,-1.0,-1.0,-1.0,-1.0,-1.0,0.1235561524697683,-5.685245955316629,0.7540387566950906
64,0.128,0.31534094141424,0.32319763698780113,1.6602282215735122,0.1235561524697683,-5.685245955316629,-0.4820212433049096,0.06177166380587795,0.1824,-0.0126,1.0256,0.9991,-0.0003,0.0373,-0.021,0.0515,-0.1194,0.0155,0.0435,0.0012,-0.0168,-0.267,-0.0625,0.0961,-0.1075,0.1152,-0.0093,0.087,0.1152,0.0442,0.0492,0.1297,-0.0186,0.0169,0.0179,-0.0134,-0.0989,0.0242,0.203,-0.0238,0.0266,0.0136,-0.0147,-0.1399,-0.076,0.5827,-0.703,-0.1391,0.3684,1.078,-0.5175,-0.4457,0.0384,0.1212,2.6362,2.0586,-1.1917,-0.9959,-1.7128,-0.6878,-0.3902,-1.0557,0.9241,0.4024,0.153,-0.0244,-0.0034,0.0485,-2.1068,0.1435,0.1276,0.5064,-0.0311,0.0176,0.0375,-1.0,-1.0,-1.0,-1.0,-1.0,-1.0,-1.0,-1.0,-1.0,-1.0,-1.0,-1.0,-1.0,-1.0,-1.0,-1.0,-1.0,-1.0,-1.0,-1.0,-1.0,-1.0,-1.0,-1.0,-1.0,-1.0,-1.0,-1.0,-1.0,-1.0,-1.0,-1.0,-1.0,-1.0,-1.0,-1.0,-1.0,-1.0,-1.0,-1.0,-1.0,-1.0,-1.0,-1.0,-1.0,-1.0,-1.0,-1.0,-1.0,-1.0,-1.0,-1.0,-1.0,-1.0,-1.0,-1.0,-1.0,-1.0,-1.0,-1.0,-1.0,-1.0,-1.0,0.1235561524697683,-5.685245955316629,0.7540387566950906
65,0.13,0.31558805371917953,0.3118271450771678,1.6592445590869025,0.1235561524697683,-5.685245955316629,-0.5016412433049096,0.06177166380587795,0.1824,-0.0129,1.0254,0.9991,0.0003,0.0365,-0.0211,0.0524,-0.1171,0.0144,0.0425,0.0018,-0.0167,-0.2615,-0.0584,0.0935,-0.1094,0.1109,-0.0108,0.086,0.1129,0.0461,0.05,0.1299,-0.0187,0.0169,0.018,-0.0176,-0.0985,0.0245,0.2039,-0.0239,0.0266,0.0137,-0.0126,-0.1367,-0.0877,0.6039,-0.7508,-0.0689,0.4503,1.1304,-0.537,-0.5033,0.2997,0.0641,2.7518,2.0396,-1.2891,-0.936,-2.1583,-0.7143,-0.4887,-1.1615,0.9256,0.3919,0.0913,-0.0188,-0.0107,0.0421,-2.088,0.1989,0.1276,0.4296,-0.0239,0.0078,0.0325,-1.0,-1.0,-1.0,-1.0,-1.0,-1.0,-1.0,-1.0,-1.0,-1.0,-1.0,-1.0,-1.0,-1.0,-1.0,-1.0,-1.0,-1.0,-1.0,-1.0,-1.0,-1.0,-1.0,-1.0,-1.0,-1.0,-1.0,-1.0,-1.0,-1.0,-1.0,-1.0,-1.0,-1.0,-1.0,-1.0,-1.0,-1.0,-1.0,-1.0,-1.0,-1.0,-1.0,-1.0,-1.0,-1.0,-1.0,-1.0,-1.0,-1.0,-1.0,-1.0,-1.0,-1.0,-1.0,-1.0,-1.0,-1.0,-1.0,-1.0,-1.0,-1.0,-1.0,0.1235561524697683,-5.685245955316629,0.7540387566950906
66,0.132,0.3158351660241191,0.3004566531665346,1.6582216566002925,0.1235561524697683,-5.685245955316629,-0.5212612433049095,0.06177166380587795,0.1824,-0.0132,1.0252,0.9991,0.0009,0.0357,-0.0211,0.0531,-0.1147,0.0132,0.0414,0.0024,-0.0166,-0.2557,-0.0544,0.0907,-0.1111,0.1057,-0.0122,0.0848,0.1103,0.0479,0.0507,0.13,-0.0187,0.0169,0.018,-0.0217,-0.098,0.0248,0.2046,-0.0239,0.0266,0.0137,-0.0128,-0.132,-0.0905,0.6476,-0.7831,-0.0049,0.3736,1.2037,-0.5921,-0.5688,0.285,0.0402,2.884,2.0011,-1.4032,-0.8518,-2.5676,-0.7263,-0.5857,-1.2625,0.9286,0.3778,0.0559,-0.0138,-0.0164,0.0363,-2.0747,0.2561,0.1242,0.3589,-0.0177,-0.0008,0.0279,-1.0,-1.0,-1.0,-1.0,-1.0,-1.0,-1.0,-1.0,-1.0,-1.0,-1.0,-1.0,-1.0,-1.0,-1.0,-1.0,-1.0,-1.0,-1.0,-1.0,-1.0,-1.0,-1.0,-1.0,-1.0,-1.0,-1.0,-1.0,-1.0,-1.0,-1.0,-1.0,-1.0,-1.0,-1.0,-1.0,-1.0,-1.0,-1.0,-1.0,-1.0,-1.0,-1.0,-1.0,-1.0,-1.0,-1.0,-1.0,-1.0,-1.0,-1.0,-1.0,-1.0,-1.0,-1.0,-1.0,-1.0,-1.0,-1.0,-1.0,-1.0,-1.0,-1.0,0.1235561524697683,-5.685245955316629,0.7540387566950906
67,0.134,0.3160822783290586,0.28908616125590125,1.6571595141136828,0.1235561524697683,-5.685245955316629,-0.5408812433049095,0.06177166380587795,0.1824,-0.0134,1.025,0.9992,0.0016,0.0349,-0.0211,0.0537,-0.1122,0.0119,0.0401,0.0029,-0.0164,-0.2496,-0.0504,0.0877,-0.1126,0.0998,-0.0137,0.0835,0.1076,0.0498,0.0514,0.13,-0.0187,0.0168,0.0181,-0.0258,-0.0974,0.025,0.2052,-0.0239,0.0266,0.0138,-0.0132,-0.1283,-0.0943,0.6853,-0.8106,0.057,0.2988,1.267,-0.6421,-0.6253,0.2511,0.0944,3.0182,1.9776,-1.5016,-0.7695,-2.9559,-0.734,-0.6823,-1.358,0.9313,0.3658,0.0173,-0.0094,-0.0216,0.0311,-2.0597,0.3106,0.123,0.2911,-0.012,-0.0085,0.0238,-1.0,-1.0,-1.0,-1.0,-1.0,-1.0,-1.0,-1.0,-1.0,-1.0,-1.0,-1.0,-1.0,-1.0,-1.0,-1.0,-1.0,-1.0,-1.0,-1.0,-1.0,-1.0,-1.0,-1.0,-1.0,-1.0,-1.0,-1.0,-1.0,-1.0,-1.0,-1.0,-1.0,-1.0,-1.0,-1.0,-1.0,-1.0,-1.0,-1.0,-1.0,-1.0,-1.0,-1.0,-1.0,-1.0,-1.0,-1.0,-1.0,-1.0,-1.0,-1.0,-1.0,-1.0,-1.0,-1.0,-1.0,-1.0,-1.0,-1.0,-1.0,-1.0,-1.0,0.1235561524697683,-5.685245955316629,0.7540387566950906
68,0.136,0.3163293906339982,0.27771566934526803,1.656058131627073,0.1235561524697683,-5.685245955316629,-0.5605012433049095,0.06177166380587795,0.1823,-0.0137,1.0248,0.9992,0.0023,0.0341,-0.021,0.0542,-0.1095,0.0105,0.0388,0.0033,-0.0161,-0.2434,-0.0465,0.0845,-0.114,0.0932,-0.0151,0.0819,0.1047,0.0517,0.0522,0.13,-0.0187,0.0168,0.0182,-0.0299,-0.0967,0.0252,0.2056,-0.0239,0.0266,0.0138,-0.0137,-0.1244,-0.0989,0.7243,-0.8344,0.1151,0.2304,1.3216,-0.6941,-0.6747,0.2248,0.1465,3.1453,1.9526,-1.5962,-0.6773,-3.3076,-0.7344,-0.7751,-1.4473,0.9358,0.3545,-0.0211,-0.0054,-0.0263,0.0265,-2.0439,0.3645,0.1226,0.2233,-0.007,-0.0156,0.0201,-1.0,-1.0,-1.0,-1.0,-1.0,-1.0,-1.0,-1.0,-1.0,-1.0,-1.0,-1.0,-1.0,-1.0,-1.0,-1.0,-1.0,-1.0,-1.0,-1.0,-1.0,-1.0,-1.0,-1.0,-1.0,-1.0,-1.0,-1.0,-1.0,-1.0,-1.0,-1.0,-1.0,-1.0,-1.0,-1.0,-1.0,-1.0,-1.0,-1.0,-1.0,-1.0,-1.0,-1.0,-1.0,-1.0,-1.0,-1.0,-1.0,-1.0,-1.0,-1.0,-1.0,-1.0,-1.0,-1.0,-1.0,-1.0,-1.0,-1.0,-1.0,-1.0,-1.0,0.1235561524697683,-5.685245955316629,0.7540387566950906
69,0.138,0.3165765029389377,0.2663451774346348,1.654917509140463,0.1235561524697683,-5.685245955316629,-0.5801212433049097,0.06177166380587795,0.1823,-0.0139,1.0246,0.9992,0.003,0.0332,-0.021,0.0547,-0.1068,0.0092,0.0373,0.0038,-0.0159,-0.2378,-0.0428,0.0816,-0.1153,0.0875,-0.0174,0.0804,0.1017,0.0535,0.0529,0.1299,-0.0187,0.0167,0.0182,-0.0339,-0.0958,0.0255,0.206,-0.0239,0.0265,0.0139,-0.0122,-0.1278,-0.0877,0.6985,-0.8535,0.0707,0.2637,1.3885,-0.6542,-0.7468,0.2276,0.0967,2.802,1.8466,-1.4334,-0.6498,-2.852,-1.1308,-0.7694,-1.5223,0.9363,0.3572,-0.0624,-0.0017,-0.0308,0.0226,-2.0144,0.4209,0.1363,0.204,-0.0021,-0.0204,0.0171,-1.0,-1.0,-1.0,-1.0,-1.0,-1.0,-1.0,-1.0,-1.0,-1.0,-1.0,-1.0,-1.0,-1.0,-1.0,-1.0,-1.0,-1.0,-1.0,-1.0,-1.0,-1.0,-1.0,-1.0,-1.0,-1.0,-1.0,-1.0,-1.0,-1.0,-1.0,-1.0,-1.0,-1.0,-1.0,-1.0,-1.0,-1.0,-1.0,-1.0,-1.0,-1.0,-1.0,-1.0,-1.0,-1.0,-1.0,-1.0,-1.0,-1.0,-1.0,-1.0,-1.0,-1.0,-1.0,-1.0,-1.0,-1.0,-1.0,-1.0,-1.0,-1.0,-1.0,0.1235561524697683,-5.685245955316629,0.7540387566950906
70,0.14,0.31682361524387725,0.2549746855240015,1.6537376466538531,0.1235561524697683,-5.685245955316629,-0.5997412433049096,0.06177166380587795,0.1823,-0.0142,1.0245,0.9993,0.0036,0.0323,-0.021,0.0553,-0.1039,0.008,0.0356,0.0043,-0.0159,-0.2328,-0.0394,0.0791,-0.1165,0.0828,-0.0205,0.0788,0.0985,0.0554,0.0536,0.1297,-0.0187,0.0167,0.0182,-0.0379,-0.0949,0.0258,0.2064,-0.0239,0.0265,0.0139,-0.0106,-0.1297,-0.0766,0.6752,-0.8719,0.0283,0.2991,1.4532,-0.6191,-0.8182,0.2331,0.0481,2.474,1.7283,-1.2842,-0.5898,-2.3758,-1.5378,-0.7661,-1.5916,0.9342,0.3579,-0.1017,0.0016,-0.0349,0.0191,-1.9864,0.4718,0.1484,0.1803,0.0022,-0.0249,0.0144,-1.0,-1.0,-1.0,-1.0,-1.0,-1.0,-1.0,-1.0,-1.0,-1.0,-1.0,-1.0,-1.0,-1.0,-1.0,-1.0,-1.0,-1.0,-1.0,-1.0,-1.0,-1.0,-1.0,-1.0,-1.0,-1.0,-1.0,-1.0,-1.0,-1.0,-1.0,-1.0,-1.0,-1.0,-1.0,-1.0,-1.0,-1.0,-1.0,-1.0,-1.0,-1.0,-1.0,-1.0,-1.0,-1.0,-1.0,-1.0,-1.0,-1.0,-1.0,-1.0,-1.0,-1.0,-1.0,-1.0,-1.0,-1.0,-1.0,-1.0,-1.0,-1.0,-1.0,0.1235561524697683,-5.685245955316629,0.7540387566950906
71,0.142,0.31707072754881677,0.24360419361336827,1.6525185441672434,0.1235561524697683,-5.685245955316629,-0.6193612433049096,0.06177166380587795,0.1823,-0.0145,1.0243,0.9993,0.0043,0.0314,-0.021,0.0559,-0.1008,0.0067,0.0339,0.0047,-0.0158,-0.228,-0.0363,0.0766,-0.1174,0.0794,-0.0238,0.0773,0.0952,0.0573,0.0543,0.1294,-0.0187,0.0166,0.0183,-0.0418,-0.0938,0.0261,0.2066,-0.0239,0.0264,0.0139,-0.0103,-0.1268,-0.0734,0.6934,-0.8862,0.0235,0.3066,1.501,-0.6425,-0.8728,0.2358,0.0287,2.3792,1.5656,-1.2167,-0.4521,-1.6593,-1.6494,-0.7878,-1.6517,0.9408,0.3498,-0.1273,0.0044,-0.0379,0.0157,-1.9568,0.5273,0.1524,0.1325,0.0057,-0.0299,0.0118,-1.0,-1.0,-1.0,-1.0,-1.0,-1.0,-1.0,-1.0,-1.0,-1.0,-1.0,-1.0,-1.0,-1.0,-1.0,-1.0,-1.0,-1.0,6.700286805057404,-1.0,-1.0,-1.0,-1.0,-1.0,-1.0,-1.0,-1.0,-1.0,-1.0,-1.0,-1.0,-1.0,-1.0,-1.0,-1.0,-1.0,-1.0,-1.0,-1.0,-1.0,-1.0,-1.0,-1.0,-1.0,-1.0,-1.0,-1.0,-1.0,-1.0,-1.0,-1.0,-1.0,-1.0,-1.0,-1.0,-1.0,-1.0,-1.0,-1.0,-1.0,-1.0,-1.0,-1.0,0.1235561524697683,-5.685245955316629,0.7540387566950906
72,0.144,0.31731783985375633,0.23223370170273494,1.6512602016806337,0.1235561524697683,-5.685245955316629,-0.6389812433049096,0.06177166380587795,0.1822,-0.0147,1.0242,0.9993,0.005,0.0305,-0.021,0.0566,-0.0978,0.0054,0.0321,0.0052,-0.0158,-0.2235,-0.0335,0.0743,-0.1179,0.0774,-0.0272,0.0756,0.0918,0.0592,0.055,0.1291,-0.0187,0.0165,0.0183,-0.0457,-0.0927,0.0264,0.2068,-0.0239,0.0264,0.0139,-0.0105,-0.1233,-0.0715,0.7129,-0.8989,0.0288,0.3079,1.5343,-0.6693,-0.9064,0.2335,0.0173,2.2758,1.3987,-1.168,-0.2791,-1.0295,-1.7267,-0.8166,-1.715,0.9454,0.3411,-0.1507,0.0068,-0.0407,0.0127,-1.9341,0.5776,0.1553,0.0848,0.0088,-0.0347,0.0095,-1.0,-1.0,-1.0,-1.0,-1.0,-1.0,-1.0,-1.0,-1.0,-1.0,-1.0,-1.0,-1.0,-1.0,-1.0,-1.0,-1.0,-1.0,6.875634064399206,-1.0,-1.0,-1.0,-1.0,-1.0,-1.0,-1.0,-1.0,-1.0,-1.0,-1.0,-1.0,-1.0,-1.0,-1.0,-1.0,-1.0,-1.0,-1.0,-1.0,-1.0,-1.0,-1.0,-1.0,-1.0,-1.0,-1.0,-1.0,-1.0,-1.0,-1.0,-1.0,-1.0,-1.0,-1.0,-1.0,-1.0,-1.0,-1.0,-1.0,-1.0,-1.0,-1.0,-1.0,0.1235561524697683,-5.685245955316629,0.7540387566950906
73,0.146,0.31756495215869585,0.22086320979210172,1.649962619194024,0.1235561524697683,-5.685245955316629,-0.6586012433049098,0.06177166380587795,0.1822,-0.0149,1.0241,0.9993,0.0057,0.0296,-0.021,0.0571,-0.0947,0.004,0.0302,0.0057,-0.0158,-0.2191,-0.031,0.072,-0.1181,0.0764,-0.0308,0.0739,0.0882,0.0611,0.0556,0.1288,-0.0187,0.0164,0.0183,-0.0495,-0.0914,0.0267,0.2069,-0.0239,0.0263,0.0139,-0.011,-0.1191,-0.0706,0.7349,-0.9101,0.0379,0.2976,1.5576,-0.6962,-0.9234,0.2414,-0.0276,2.1836,1.2314,-1.1363,-0.0844,-0.4722,-1.7811,-0.8502,-1.776,0.9488,0.3316,-0.1724,0.0089,-0.0431,0.0099,-1.9157,0.6239,0.1572,0.0345,0.0114,-0.0392,0.0074,-1.0,-1.0,-1.0,-1.0,-1.0,6.69083026130075,-1.0,-1.0,-1.0,-1.0,-1.0,-1.0,-1.0,-1.0,-1.0,-1.0,-1.0,-1.0,7.04022359683082,-1.0,-1.0,-1.0,-1.0,-1.0,-1.0,-1.0,-1.0,-1.0,-1.0,-1.0,-1.0,-1.0,-1.0,-1.0,-1.0,-1.0,-1.0,-1.0,-1.0,-1.0,-1.0,-1.0,-1.0,-1.0,-1.0,-1.0,-1.0,-1.0,-1.0,-1.0,-1.0,-1.0,-1.0,-1.0,-1.0,-1.0,-1.0,-1.0,-1.0,-1.0,-1.0,-1.0,-1.0,0.1235561524697683,-5.685245955316629,0.7540387566950906
74,0.148,0.3178120644636354,0.20949271788146862,1.648625796707414,0.1235561524697683,-5.685245955316629,-0.6782212433049095,0.06177166380587795,0.1822,-0.0152,1.0239,0.9993,0.0065,0.0286,-0.021,0.0578,-0.0915,0.0025,0.0284,0.0061,-0.0161,-0.2151,-0.0289,0.0698,-0.1179,0.0768,-0.034,0.0722,0.0846,0.063,0.0563,0.1284,-0.0187,0.0163,0.0183,-0.0533,-0.0901,0.0271,0.2069,-0.0239,0.0262,0.0139,-0.0104,-0.1158,-0.0692,0.7459,-0.9235,0.0326,0.3415,1.5808,-0.7108,-0.9303,0.2218,-0.1241,2.003,1.0572,-1.1102,0.1068,0.1562,-1.5865,-0.8744,-1.8282,0.9495,0.3234,-0.1973,0.0107,-0.0454,0.0075,-1.8963,0.6656,0.1607,-0.0141,0.0137,-0.0433,0.0056,-1.0,-1.0,-1.0,-1.0,-1.0,7.023559604826105,-1.0,-1.0,-1.0,-1.0,-1.0,-1.0,-1.0,-1.0,-1.0,-1.0,-1.0,-1.0,7.184032270409279,-1.0,-1.0,-1.0,-1.0,-1.0,-1.0,-1.0,-1.0,-1.0,-1.0,-1.0,-1.0,-1.0,-1.0,-1.0,-1.0,-1.0,-1.0,-1.0,-1.0,-1.0,-1.0,-1.0,-1.0,-1.0,-1.0,-1.0,-1.0,-1.0,-1.0,-1.0,-1.0,-1.0,-1.0,-1.0,-1.0,-1.0,-1.0,-1.0,-1.0,-1.0,-1.0,-1.0,-1.0,0.1235561524697683,-5.685245955316629,0.7540387566950906
75,0.15,0.3180591767685749,0.1981222259708353,1.6472497342208041,0.1235561524697683,-5.685245955316629,-0.6978412433049095,0.06177166380587795,0.1822,-0.0154,1.0238,0.9994,0.0072,0.0277,-0.021,0.0586,-0.0883,0.0011,0.0265,0.0066,-0.0163,-0.2115,-0.0271,0.0676,-0.1173,0.0782,-0.0367,0.0704,0.0808,0.0649,0.0569,0.1279,-0.0187,0.0162,0.0183,-0.0571,-0.0887,0.0274,0.2067,-0.0238,0.0261,0.014,-0.0096,-0.1123,-0.0687,0.7593,-0.9379,0.0265,0.4046,1.5926,-0.7265,-0.9271,0.2495,-0.1425,1.8215,0.8866,-1.0974,0.3063,0.736,-1.3727,-0.902,-1.874,0.9505,0.3143,-0.2209,0.0121,-0.0473,0.0054,-1.8792,0.7051,0.1633,-0.067,0.0155,-0.0472,0.004,-1.0,-1.0,-1.0,-1.0,-1.0,7.38579162824292,-1.0,-1.0,-1.0,-1.0,-1.0,-1.0,-1.0,-1.0,-1.0,-1.0,-1.0,-1.0,7.313702835885167,-1.0,-1.0,-1.0,-1.0,-1.0,-1.0,-1.0,-1.0,-1.0,-1.0,-1.0,-1.0,-1.0,-1.0,-1.0,-1.0,-1.0,-1.0,-1.0,-1.0,-1.0,-1.0,-1.0,-1.0,-1.0,-1.0,-1.0,-1.0,-1.0,-1.0,-1.0,-1.0,-1.0,-1.0,-1.0,-1.0,-1.0,-1.0,-1.0,-1.0,-1.0,-1.0,-1.0,-1.0,0.1235561524697683,-5.685245955316629,0.7540387566950906
76,0.152,0.31830628907351444,0.18675173406020207,1.6458344317341944,0.1235561524697683,-5.685245955316629,-0.7174612433049095,0.06177166380587795,0.1822,-0.0156,1.0236,0.9994,0.008,0.0267,-0.021,0.0595,-0.0851,-0.0004,0.0246,0.0072,-0.0166,-0.2081,-0.0257,0.0654,-0.1162,0.0808,-0.0391,0.0685,0.077,0.0668,0.0575,0.1274,-0.0186,0.0161,0.0184,-0.0608,-0.0872,0.0277,0.2064,-0.0238,0.026,0.014,-0.0095,-0.1066,-0.0706,0.7877,-0.9493,0.0081,0.4281,1.6135,-0.7656,-0.9299,0.2752,-0.149,1.6799,0.6916,-1.109,0.5487,1.2935,-1.2026,-0.9258,-1.9041,0.9528,0.3013,-0.2442,0.0136,-0.0498,0.003,-1.8686,0.7411,0.162,-0.1365,0.0174,-0.0527,0.0022,-1.0,-1.0,-1.0,-1.0,-1.0,7.761718705611575,-1.0,-1.0,-1.0,-1.0,-1.0,-1.0,-1.0,-1.0,-1.0,-1.0,-1.0,-1.0,7.416565606776015,-1.0,-1.0,-1.0,-1.0,-1.0,-1.0,-1.0,-1.0,-1.0,-1.0,-1.0,-1.0,-1.0,-1.0,-1.0,-1.0,-1.0,-1.0,-1.0,-1.0,-1.0,-1.0,-1.0,-1.0,-1.0,-1.0,-1.0,-1.0,-1.0,-1.0,-1.0,-1.0,-1.0,-1.0,-1.0,-1.0,-1.0,-1.0,-1.0,-1.0,-1.0,-1.0,-1.0,-1.0,0.1235561524697683,-5.685245955316629,0.7540387566950906
77,0.154,0.318553401378454,0.17538124214956874,1.6443798892475845,0.1235561524697683,-5.685245955316629,-0.7370812433049094,0.06177166380587795,0.1821,-0.0158,1.0235,0.9994,0.0088,0.0257,-0.021,0.0604,-0.0818,-0.0021,0.0228,0.0078,-0.017,-0.205,-0.0247,0.0631,-0.1146,0.0844,-0.0412,0.0666,0.0731,0.0687,0.0581,0.1269,-0.0186,0.016,0.0184,-0.0645,-0.0857,0.028,0.206,-0.0238,0.0259,0.014,-0.0096,-0.1004,-0.074,0.8218,-0.96,-0.0088,0.4374,1.6318,-0.8133,-0.9241,0.2977,-0.1528,1.5568,0.5025,-1.1333,0.7945,1.8006,-1.0511,-0.9516,-1.9312,0.9561,0.2877,-0.2648,0.0149,-0.0517,0.0009,-1.8598,0.7766,0.1598,-0.2077,0.019,-0.0576,0.0005,-1.0,-1.0,-1.0,-1.0,-1.0,8.149042524506555,-1.0,-1.0,-1.0,-1.0,-1.0,-1.0,-1.0,-1.0,-1.0,-1.0,-1.0,-1.0,7.497215068068342,-1.0,-1.0,-1.0,-1.0,-1.0,-1.0,-1.0,-1.0,-1.0,-1.0,-1.0,-1.0,-1.0,-1.0,-1.0,-1.0,-1.0,-1.0,-1.0,-1.0,-1.0,-1.0,-1.0,-1.0,-1.0,-1.0,-1.0,-1.0,-1.0,-1.0,-1.0,-1.0,-1.0,-1.0,-1.0,-1.0,-1.0,-1.0,-1.0,-1.0,-1.0,-1.0,-1.0,-1.0,0.1235561524697683,-5.685245955316629,0.7540387566950906
78,0.156,0.3188005136833935,0.16401075023893552,1.6428861067609748,0.1235561524697683,-5.685245955316629,-0.7567012433049094,0.06177166380587795,0.1821,-0.016,1.0234,0.9994,0.0095,0.0248,-0.0211,0.0613,-0.0786,-0.0037,0.021,0.0083,-0.0173,-0.2023,-0.0238,0.061,-0.1129,0.0869,-0.0448,0.0647,0.0692,0.0706,0.0586,0.1264,-0.0186,0.0159,0.0184,-0.0682,-0.084,0.0284,0.2056,-0.0237,0.0258,0.014,-0.0096,-0.0966,-0.0563,0.802,-0.9521,-0.0538,0.4567,1.6339,-0.8049,-0.902,0.2913,-0.1871,1.3451,0.4822,-1.0627,0.8416,1.2609,-1.79,-0.9443,-1.9518,0.9414,0.2828,-0.2769,0.0165,-0.0534,-0.001,-1.8271,0.8024,0.1659,-0.2328,0.021,-0.0608,-0.0009,-1.0,-1.0,-1.0,-1.0,-1.0,8.560984361659512,-1.0,-1.0,-1.0,-1.0,-1.0,-1.0,-1.0,-1.0,-1.0,-1.0,-1.0,-1.0,7.550395887098638,-1.0,-1.0,-1.0,-1.0,-1.0,-1.0,-1.0,-1.0,-1.0,-1.0,-1.0,-1.0,-1.0,-1.0,-1.0,-1.0,-1.0,-1.0,-1.0,-1.0,-1.0,-1.0,-1.0,-1.0,-1.0,-1.0,-1.0,-1.0,-1.0,-1.0,-1.0,-1.0,-1.0,-1.0,-1.0,-1.0,-1.0,-1.0,-1.0,-1.0,-1.0,-1.0,-1.0,-1.0,0.1235561524697683,-5.685245955316629,0.7540387566950906
79,0.158,0.3190476259883331,0.1526402583283023,1.6413530842743649,0.1235561524697683,-5.685245955316629,-0.7763212433049096,0.06177166380587795,0.1821,-0.0162,1.0233,0.9994,0.0103,0.0238,-0.0212,0.0622,-0.0753,-0.0052,0.0193,0.0089,-0.0178,-0.2,-0.0228,0.059,-0.1112,0.0886,-0.0479,0.0629,0.0653,0.0724,0.0592,0.1258,-0.0185,0.0158,0.0183,-0.0717,-0.0824,0.0287,0.2051,-0.0237,0.0256,0.014,-0.0105,-0.0966,-0.0261,0.7451,-0.933,-0.103,0.4808,1.6207,-0.7538,-0.8702,0.2684,-0.2389,1.18,0.4819,-0.9874,0.8273,0.8564,-1.5472,-0.9299,-1.9706,0.9186,0.283,-0.2865,0.0181,-0.0548,-0.0027,-1.7804,0.8231,0.1765,-0.2313,0.0231,-0.0627,-0.0021,-1.0,-1.0,-1.0,-1.0,-1.0,8.969170997444065,-1.0,-1.0,-1.0,-1.0,-1.0,-1.0,-1.0,-1.0,-1.0,-1.0,-1.0,-1.0,7.574788452396894,-1.0,-1.0,-1.0,-1.0,-1.0,-1.0,-1.0,-1.0,-1.0,-1.0,-1.0,-1.0,-1.0,-1.0,-1.0,-1.0,-1.0,-1.0,-1.0,-1.0,-1.0,-1.0,-1.0,-1.0,-1.0,-1.0,-1.0,-1.0,-1.0,-1.0,-1.0,-1.0,-1.0,-1.0,-1.0,-1.0,-1.0,-1.0,-1.0,-1.0,-1.0,-1.0,-1.0,-1.0,0.1235561524697683,-5.685245955316629,0.7540387566950906
80,0.16,0.3192947382932726,0.14126976641766897,1.6397808217877552,0.1235561524697683,-5.685245955316629,-0.7959412433049096,0.06177166380587795,0.1821,-0.0164,1.0233,0.9994,0.0109,0.0229,-0.0214,0.0633,-0.0721,-0.0066,0.0176,0.0094,-0.0184,-0.1979,-0.0219,0.0572,-0.1096,0.0897,-0.0506,0.061,0.0613,0.0742,0.0598,0.1252,-0.0185,0.0157,0.0183,-0.0752,-0.0807,0.0291,0.2046,-0.0236,0.0255,0.014,-0.0113,-0.096,0.0006,0.6948,-0.9153,-0.1462,0.5124,1.6076,-0.7107,-0.8406,0.2465,-0.281,1.0469,0.4726,-0.922,0.8329,0.5116,-1.3295,-0.9209,-1.9848,0.895,0.2812,-0.2951,0.0195,-0.0559,-0.0042,-1.7338,0.8399,0.1851,-0.2345,0.0248,-0.0645,-0.0032,-1.0,7.0132711323074055,-1.0,-1.0,-1.0,9.392099151905319,-1.0,-1.0,-1.0,-1.0,-1.0,-1.0,-1.0,-1.0,-1.0,-1.0,-1.0,-1.0,7.569987427917485,-1.0,-1.0,-1.0,-1.0,-1.0,-1.0,-1.0,-1.0,-1.0,-1.0,-1.0,-1.0,-1.0,-1.0,-1.0,-1.0,-1.0,-1.0,-1.0,-1.0,-1.0,-1.0,-1.0,-1.0,-1.0,-1.0,-1.0,-1.0,-1.0,-1.0,-1.0,-1.0,-1.0,-1.0,-1.0,-1.0,-1.0,-1.0,-1.0,-1.0,-1.0,-1.0,-1.0,-1.0,0.1235561524697683,-5.685245955316629,0.7540387566950906
81,0.162,0.31954185059821216,0.12989927450703576,1.6381693193011455,0.1235561524697683,-5.685245955316629,-0.8155612433049095,0.06177166380587795,0.1821,-0.0166,1.0234,0.9995,0.0116,0.022,-0.0216,0.0645,-0.0689,-0.008,0.0159,0.0098,-0.019,-0.196,-0.0209,0.0555,-0.1079,0.0901,-0.0527,0.0592,0.0573,0.0759,0.0603,0.1246,-0.0184,0.0156,0.0183,-0.0786,-0.079,0.0295,0.2041,-0.0236,0.0254,0.0139,-0.0107,-0.0945,0.0243,0.6517,-0.9017,-0.1724,0.5948,1.6079,-0.6724,-0.8477,0.2166,-0.3155,0.9156,0.4601,-0.8699,0.8582,0.1957,-1.0887,-0.9218,-1.9868,0.8646,0.2743,-0.3042,0.0211,-0.0574,-0.0061,-1.6731,0.8436,0.1883,-0.2457,0.0269,-0.0673,-0.0046,-1.0,7.382368806511549,-1.0,-1.0,-1.0,9.78852961276624,-1.0,-1.0,-1.0,-1.0,-1.0,-1.0,-1.0,-1.0,-1.0,-1.0,-1.0,-1.0,7.541599737055263,-1.0,-1.0,-1.0,-1.0,-1.0,-1.0,-1.0,-1.0,-1.0,-1.0,-1.0,-1.0,-1.0,-1.0,-1.0,-1.0,-1.0,-1.0,-1.0,-1.0,-1.0,-1.0,-1.0,-1.0,-1.0,-1.0,-1.0,-1.0,-1.0,-1.0,-1.0,-1.0,-1.0,-1.0,-1.0,-1.0,-1.0,-1.0,-1.0,-1.0,-1.0,-1.0,-1.0,-1.0,0.1235561524697683,-5.685245955316629,0.7540387566950906
82,0.164,0.3197889629031517,0.11852878259640243,1.6365185768145354,0.1235561524697683,-5.685245955316629,-0.8351812433049095,0.06177166380587795,0.182,-0.0168,1.0235,0.9995,0.0122,0.0211,-0.0218,0.0658,-0.0657,-0.0092,0.0142,0.0102,-0.0197,-0.1944,-0.02,0.0538,-0.1061,0.0898,-0.054,0.0573,0.0534,0.0776,0.0609,0.124,-0.0184,0.0155,0.0183,-0.0818,-0.0773,0.0298,0.2036,-0.0235,0.0252,0.0139,-0.0104,-0.0926,0.0428,0.6193,-0.8896,-0.1938,0.669,1.6079,-0.646,-0.853,0.1951,-0.3424,0.8073,0.4431,-0.8423,0.8972,-0.1288,-0.6588,-0.9267,-1.9865,0.8377,0.2664,-0.3126,0.0225,-0.0584,-0.0078,-1.6146,0.8481,0.1903,-0.2619,0.0287,-0.0697,-0.0059,-1.0,7.78069796451307,-1.0,-1.0,-1.0,10.16585554317311,-1.0,-1.0,-1.0,-1.0,-1.0,-1.0,-1.0,-1.0,-1.0,-1.0,-1.0,-1.0,7.477574056298998,-1.0,-1.0,-1.0,-1.0,-1.0,-1.0,-1.0,-1.0,-1.0,-1.0,-1.0,-1.0,-1.0,-1.0,-1.0,-1.0,-1.0,-1.0,-1.0,-1.0,-1.0,-1.0,-1.0,-1.0,-1.0,-1.0,-1.0,-1.0,-1.0,-1.0,-1.0,-1.0,-1.0,-1.0,-1.0,-1.0,-1.0,-1.0,-1.0,-1.0,-1.0,-1.0,-1.0,-1.0,0.1235561524697683,-5.685245955316629,0.7540387566950906
83,0.166,0.32003607520809124,0.10715829068576921,1.6348285943279257,0.1235561524697683,-5.685245955316629,-0.8548012433049095,0.06177166380587795,0.182,-0.017,1.0236,0.9995,0.0127,0.0202,-0.0221,0.0673,-0.0625,-0.0105,0.0125,0.0106,-0.0204,-0.193,-0.0192,0.0521,-0.1042,0.089,-0.0546,0.0555,0.0494,0.0792,0.0614,0.1233,-0.0184,0.0154,0.0183,-0.0849,-0.0756,0.0302,0.2031,-0.0234,0.0251,0.0139,-0.0102,-0.0909,0.0586,0.5881,-0.8765,-0.2133,0.7371,1.6043,-0.6192,-0.8551,0.1778,-0.3652,0.7205,0.4235,-0.8133,0.9352,-0.3932,-0.3006,-0.9295,-1.9849,0.8124,0.2596,-0.3191,0.0237,-0.059,-0.0093,-1.5533,0.8533,0.1932,-0.2733,0.0302,-0.0715,-0.007,6.698975366891049,8.207378237881507,-1.0,-1.0,-1.0,10.514834691331949,-1.0,-1.0,-1.0,-1.0,-1.0,-1.0,-1.0,-1.0,-1.0,-1.0,-1.0,-1.0,7.383866609103994,-1.0,-1.0,-1.0,-1.0,-1.0,-1.0,-1.0,-1.0,-1.0,-1.0,-1.0,-1.0,-1.0,-1.0,-1.0,-1.0,-1.0,-1.0,-1.0,-1.0,-1.0,-1.0,-1.0,-1.0,-1.0,-1.0,-1.0,-1.0,-1.0,-1.0,-1.0,-1.0,-1.0,-1.0,-1.0,-1.0,-1.0,-1.0,-1.0,-1.0,-1.0,-1.0,-1.0,-1.0,0.1235561524697683,-5.685245955316629,0.7540387566950906
84,0.168,0.32028318751303075,0.09578779877513588,1.6330993718413158,0.1235561524697683,-5.685245955316629,-0.8744212433049097,0.06177166380587795,0.182,-0.0171,1.0237,0.9995,0.0133,0.0193,-0.0223,0.0689,-0.0593,-0.0117,0.0108,0.0109,-0.0212,-0.1917,-0.0184,0.0506,-0.1022,0.0878,-0.0546,0.0536,0.0454,0.0808,0.0619,0.1227,-0.0183,0.0152,0.0183,-0.0879,-0.0739,0.0306,0.2025,-0.0234,0.0249,0.0139,-0.0103,-0.0894,0.0719,0.5579,-0.8633,-0.2314,0.7956,1.5959,-0.5902,-0.8488,0.1608,-0.3817,0.6513,0.4021,-0.7839,0.973,-0.6099,0.0044,-0.9291,-1.9829,0.7881,0.2533,-0.3248,0.0248,-0.0593,-0.0106,-1.4921,0.8578,0.1961,-0.2822,0.0316,-0.0729,-0.008,6.907994689301908,8.652408743263049,-1.0,-1.0,-1.0,10.80406446044908,-1.0,-1.0,-1.0,-1.0,-1.0,-1.0,-1.0,-1.0,-1.0,-1.0,-1.0,-1.0,7.2649282934819235,-1.0,-1.0,-1.0,-1.0,-1.0,-1.0,-1.0,-1.0,-1.0,-1.0,-1.0,-1.0,-1.0,-1.0,-1.0,-1.0,-1.0,-1.0,-1.0,-1.0,-1.0,-1.0,-1.0,-1.0,-1.0,-1.0,-1.0,-1.0,-1.0,-1.0,-1.0,-1.0,-1.0,-1.0,-1.0,-1.0,-1.0,-1.0,-1.0,-1.0,-1.0,-1.0,-1.0,-1.0,0.1235561524697683,-5.685245955316629,0.7540387566950906
85,0.17,0.32053029981797027,0.08441730686450266,1.631330909354706,0.1235561524697683,-5.685245955316629,-0.8940412433049096,0.06177166380587795,0.182,-0.0173,1.0239,0.9995,0.0138,0.0185,-0.0226,0.0706,-0.0561,-0.0128,0.0092,0.0112,-0.022,-0.1905,-0.0176,0.0491,-0.1002,0.0862,-0.0541,0.0518,0.0415,0.0823,0.0624,0.122,-0.0183,0.0151,0.0182,-0.0908,-0.0722,0.031,0.2019,-0.0233,0.0248,0.0139,-0.0104,-0.0881,0.0829,0.5287,-0.852,-0.2493,0.8462,1.5849,-0.5584,-0.7977,0.1614,-0.4014,0.5977,0.3805,-0.7553,1.0132,-0.7916,0.2746,-0.9258,-1.9804,0.7637,0.2467,-0.3318,0.0256,-0.0595,-0.0118,-1.4344,0.8594,0.1982,-0.2923,0.0327,-0.074,-0.0088,7.106214427579184,9.10900503846104,-1.0,-1.0,-1.0,11.021647249665635,-1.0,-1.0,-1.0,-1.0,-1.0,-1.0,-1.0,-1.0,-1.0,-1.0,-1.0,-1.0,7.127044609182346,-1.0,-1.0,-1.0,-1.0,-1.0,-1.0,-1.0,-1.0,-1.0,-1.0,-1.0,-1.0,-1.0,-1.0,-1.0,-1.0,-1.0,-1.0,-1.0,-1.0,-1.0,-1.0,-1.0,-1.0,-1.0,-1.0,-1.0,-1.0,-1.0,-1.0,-1.0,-1.0,-1.0,-1.0,-1.0,-1.0,-1.0,-1.0,-1.0,-1.0,-1.0,-1.0,-1.0,-1.0,0.1235561524697683,-5.685245955316629,0.7540387566950906
86,0.172,0.32077741212290983,0.07304681495386933,1.6295232068680963,0.1235561524697683,-5.685245955316629,-0.9136612433049096,0.06177166380587795,0.182,-0.0175,1.0241,0.9995,0.0142,0.0176,-0.0229,0.0723,-0.053,-0.0138,0.0077,0.0115,-0.0228,-0.1894,-0.0169,0.0476,-0.0981,0.0843,-0.0531,0.0499,0.0375,0.0838,0.0629,0.1213,-0.0182,0.015,0.0182,-0.0935,-0.0705,0.0314,0.2013,-0.0232,0.0246,0.0139,-0.0117,-0.0873,0.0916,0.4969,-0.8353,-0.2717,0.8874,1.5577,-0.5237,-0.7207,0.1505,-0.424,0.5581,0.3428,-0.7191,1.0664,-0.9375,0.492,-0.9155,-1.9766,0.7406,0.2362,-0.3453,0.0263,-0.0583,-0.013,-1.3861,0.8584,0.1954,-0.3164,0.0335,-0.0761,-0.0097,7.289977025506301,9.577993972836488,-1.0,6.689924587266655,6.933731001843116,11.151845726361733,-1.0,-1.0,-1.0,-1.0,-1.0,-1.0,-1.0,-1.0,-1.0,-1.0,-1.0,-1.0,6.965706866936355,-1.0,-1.0,-1.0,-1.0,-1.0,-1.0,-1.0,-1.0,-1.0,-1.0,-1.0,-1.0,-1.0,-1.0,-1.0,-1.0,-1.0,-1.0,-1.0,-1.0,-1.0,-1.0,-1.0,-1.0,-1.0,-1.0,-1.0,-1.0,-1.0,-1.0,-1.0,-1.0,-1.0,-1.0,-1.0,-1.0,-1.0,-1.0,-1.0,-1.0,-1.0,-1.0,-1.0,-1.0,0.1235561524697683,-5.685245955316629,0.7540387566950906
87,0.174,0.32102452442784934,0.061676323043236114,1.6276762643814864,0.1235561524697683,-5.685245955316629,-0.9332812433049096,0.06177166380587795,0.1819,-0.0177,1.0243,0.9995,0.0147,0.0168,-0.0232,0.0742,-0.0499,-0.0148,0.0064,0.0118,-0.0237,-0.1883,-0.0163,0.0463,-0.0958,0.0822,-0.0518,0.0481,0.0336,0.0852,0.0633,0.1206,-0.0181,0.0149,0.0182,-0.0962,-0.0688,0.0318,0.2006,-0.0232,0.0245,0.0138,-0.013,-0.0864,0.0986,0.4675,-0.8196,-0.2912,0.9238,1.5311,-0.4895,-0.6409,0.1431,-0.4406,0.5262,0.3055,-0.6854,1.119,-1.057,0.6775,-0.9073,-1.9709,0.7171,0.2254,-0.3575,0.0268,-0.0569,-0.0141,-1.3389,0.8557,0.1921,-0.3406,0.0342,-0.0777,-0.0105,7.449932540618332,10.035524464589248,-1.0,6.785000737032807,7.198248460852644,11.183000227807637,-1.0,-1.0,-1.0,-1.0,-1.0,-1.0,-1.0,-1.0,-1.0,-1.0,-1.0,-1.0,6.791169101906609,-1.0,-1.0,-1.0,-1.0,-1.0,-1.0,-1.0,-1.0,-1.0,-1.0,-1.0,-1.0,-1.0,-1.0,-1.0,-1.0,-1.0,-1.0,-1.0,-1.0,-1.0,-1.0,-1.0,-1.0,-1.0,-1.0,-1.0,-1.0,-1.0,-1.0,-1.0,-1.0,-1.0,-1.0,-1.0,-1.0,-1.0,-1.0,-1.0,-1.0,-1.0,-1.0,-1.0,-1.0,0.1235561524697683,-5.685245955316629,0.7540387566950906
88,0.176,0.3212716367327889,0.050305831132602896,1.6257900818948765,0.1235561524697683,-5.685245955316629,-0.9529012433049098,0.06177166380587795,0.1819,-0.0178,1.0245,0.9995,0.0151,0.016,-0.0235,0.0761,-0.0469,-0.0157,0.0053,0.0121,-0.0246,-0.1873,-0.0158,0.0449,-0.0935,0.0799,-0.0501,0.0463,0.0297,0.0866,0.0637,0.1199,-0.0181,0.0148,0.0182,-0.0988,-0.0671,0.0322,0.1999,-0.0231,0.0243,0.0138,-0.0143,-0.0854,0.1041,0.4401,-0.8048,-0.3078,0.9562,1.5051,-0.456,-0.5604,0.1373,-0.4513,0.5002,0.2687,-0.6539,1.1704,-1.1541,0.835,-0.9009,-1.9636,0.6934,0.2142,-0.3685,0.0273,-0.0555,-0.0151,-1.2926,0.8515,0.1882,-0.3647,0.0348,-0.0789,-0.0113,7.592102178476461,10.488502584516741,-1.0,6.863044475595051,7.467592224553126,11.127820191994308,-1.0,-1.0,-1.0,-1.0,-1.0,-1.0,-1.0,-1.0,-1.0,-1.0,-1.0,-1.0,-1.0,-1.0,-1.0,-1.0,-1.0,-1.0,-1.0,-1.0,-1.0,-1.0,-1.0,-1.0,-1.0,-1.0,-1.0,-1.0,-1.0,-1.0,-1.0,-1.0,-1.0,-1.0,-1.0,-1.0,-1.0,-1.0,-1.0,-1.0,-1.0,-1.0,-1.0,-1.0,-1.0,-1.0,-1.0,-1.0,-1.0,-1.0,-1.0,-1.0,-1.0,-1.0,-1.0,-1.0,-1.0,0.1235561524697683,-5.685245955316629,0.7540387566950906
89,0.178,0.3215187490377284,0.03893533922196979,1.6238646594082666,0.1235561524697683,-5.685245955316629,-0.9725212433049095,0.06177166380587795,0.1819,-0.018,1.0247,0.9995,0.0155,0.0152,-0.0238,0.0781,-0.044,-0.0166,0.0044,0.0123,-0.0255,-0.1864,-0.0153,0.0437,-0.0911,0.0775,-0.0485,0.0445,0.0257,0.088,0.0641,0.1191,-0.018,0.0147,0.0181,-0.1013,-0.0654,0.0325,0.1991,-0.023,0.0242,0.0138,-0.0154,-0.0845,0.1109,0.4093,-0.7898,-0.3231,0.9818,1.4775,-0.4165,-0.4762,0.136,-0.4585,0.4782,0.2376,-0.61,1.2074,-1.2063,0.8061,-0.8932,-1.9549,0.6675,0.2037,-0.3774,0.0277,-0.054,-0.016,-1.2445,0.8444,0.1847,-0.3833,0.0353,-0.0796,-0.0119,7.700781295060405,10.898404621242706,-1.0,6.912641557693161,7.723704177300332,10.973885915498098,-1.0,-1.0,6.667018558890746,-1.0,-1.0,-1.0,-1.0,-1.0,-1.0,-1.0,-1.0,-1.0,-1.0,-1.0,-1.0,-1.0,-1.0,-1.0,-1.0,-1.0,-1.0,-1.0,-1.0,-1.0,-1.0,-1.0,-1.0,-1.0,-1.0,-1.0,-1.0,-1.0,-1.0,-1.0,-1.0,-1.0,-1.0,-1.0,-1.0,-1.0,-1.0,-1.0,-1.0,-1.0,-1.0,-1.0,-1.0,-1.0,-1.0,-1.0,-1.0,-1.0,-1.0,-1.0,-1.0,-1.0,-1.0,0.1235561524697683,-5.685245955316629,0.7540387566950906
90,0.18,0.321765861342668,0.02756484731133657,1.621899996921657,0.1235561524697683,-5.685245955316629,-0.9921412433049095,0.06177166380587795,0.1818,-0.0182,1.0249,0.9995,0.0158,0.0144,-0.0242,0.0801,-0.0411,-0.0173,0.0036,0.0126,-0.0265,-0.1854,-0.0149,0.0426,-0.0886,0.075,-0.0469,0.0428,0.0219,0.0892,0.0645,0.1183,-0.018,0.0146,0.0181,-0.1037,-0.0637,0.0329,0.1983,-0.023,0.024,0.0138,-0.0163,-0.0833,0.1164,0.383,-0.7769,-0.3365,0.9993,1.4504,-0.3825,-0.3853,0.1445,-0.4647,0.4617,0.2112,-0.5731,1.2379,-1.244,0.7774,-0.8854,-1.9453,0.6423,0.1932,-0.3864,0.0279,-0.0526,-0.0167,-1.199,0.8358,0.1808,-0.4024,0.0357,-0.0803,-0.0125,7.7753767045845645,11.258739478335109,6.687264452350058,6.933161042969181,7.966802639132237,10.731110529771774,-1.0,-1.0,6.834601623007451,-1.0,-1.0,-1.0,-1.0,-1.0,-1.0,-1.0,-1.0,-1.0,-1.0,-1.0,-1.0,-1.0,-1.0,-1.0,-1.0,-1.0,-1.0,-1.0,-1.0,-1.0,-1.0,-1.0,-1.0,-1.0,-1.0,-1.0,-1.0,-1.0,-1.0,-1.0,-1.0,-1.0,-1.0,-1.0,-1.0,-1.0,-1.0,-1.0,-1.0,-1.0,-1.0,-1.0,-1.0,-1.0,-1.0,-1.0,-1.0,-1.0,-1.0,-1.0,-1.0,-1.0,-1.0,0.1235561524697683,-5.685245955316629,0.7540387566950906
91,0.182,0.3220129736476075,0.01619435540070313,1.6198960944350471,0.1235561524697683,-5.685245955316629,-1.0117612433049095,0.06177166380587795,0.1818,-0.0183,1.0252,0.9995,0.0162,0.0136,-0.0246,0.0821,-0.0382,-0.018,0.003,0.013,-0.0274,-0.1846,-0.0145,0.0415,-0.0861,0.0724,-0.0453,0.041,0.018,0.0905,0.0649,0.1175,-0.0179,0.0145,0.0181,-0.106,-0.0621,0.0333,0.1975,-0.0229,0.0238,0.0137,-0.0154,-0.0826,0.1201,0.3581,-0.7762,-0.3369,1.0372,1.4303,-0.3303,-0.278,0.1877,-0.4663,0.4374,0.2166,-0.5439,1.2441,-1.2894,0.7972,-0.885,-1.9389,0.6184,0.1818,-0.3979,0.0285,-0.0522,-0.0178,-1.1532,0.8244,0.1748,-0.4241,0.0364,-0.0822,-0.0133,7.806813090169391,11.526110360946808,6.811915220700917,6.9221729642759415,8.180013339487344,10.408767034310909,-1.0,-1.0,6.992904771815205,-1.0,-1.0,-1.0,-1.0,-1.0,-1.0,-1.0,-1.0,-1.0,-1.0,-1.0,-1.0,-1.0,-1.0,-1.0,-1.0,-1.0,-1.0,-1.0,-1.0,-1.0,-1.0,-1.0,-1.0,-1.0,-1.0,-1.0,-1.0,-1.0,-1.0,-1.0,-1.0,-1.0,-1.0,-1.0,-1.0,-1.0,-1.0,-1.0,-1.0,-1.0,-1.0,-1.0,-1.0,-1.0,-1.0,-1.0,-1.0,-1.0,-1.0,-1.0,-1.0,-1.0,-1.0,0.1235561524697683,-5.685245955316629,0.7540387566950906
92,0.184,0.32226008595254707,0.004823863490069913,1.6178529519484373,0.1235561524697683,-5.685245955316629,-1.0313812433049094,0.06177166380587795,0.1818,-0.0185,1.0254,0.9995,0.0165,0.0129,-0.0249,0.0843,-0.0354,-0.0185,0.0027,0.0135,-0.0283,-0.1837,-0.014,0.0405,-0.0836,0.0698,-0.0437,0.0392,0.0141,0.0917,0.0652,0.1167,-0.0179,0.0144,0.018,-0.1082,-0.0604,0.0336,0.1966,-0.0228,0.0237,0.0137,-0.0146,-0.0818,0.1226,0.3361,-0.775,-0.3367,1.0679,1.4093,-0.2819,-0.1727,0.2318,-0.4675,0.4167,0.2204,-0.5184,1.2494,-1.3242,0.8184,-0.8833,-1.9309,0.5951,0.1704,-0.4092,0.0289,-0.0515,-0.0187,-1.1089,0.8123,0.1686,-0.446,0.037,-0.0837,-0.0141,7.80856674174884,11.71584861236492,6.921929101357144,6.890349353919447,8.372188606041373,10.048439624581984,-1.0,-1.0,7.127295405058447,-1.0,-1.0,6.830011777572663,-1.0,-1.0,-1.0,-1.0,-1.0,-1.0,-1.0,-1.0,-1.0,-1.0,-1.0,-1.0,-1.0,-1.0,-1.0,-1.0,-1.0,-1.0,-1.0,-1.0,-1.0,-1.0,-1.0,-1.0,-1.0,-1.0,-1.0,-1.0,-1.0,-1.0,-1.0,-1.0,-1.0,-1.0,-1.0,-1.0,-1.0,-1.0,-1.0,-1.0,-1.0,-1.0,-1.0,-1.0,-1.0,-1.0,-1.0,-1.0,-1.0,-1.0,-1.0,0.1235561524697683,-5.685245955316629,0.7540387566950906
93,0.186,0.3225071982574866,-0.006546628420563305,1.6157705694618276,0.1235561524697683,-5.685245955316629,-1.0510012433049094,0.06177166380587795,0.1817,-0.0186,1.0257,0.9995,0.0168,0.0121,-0.0253,0.0864,-0.0326,-0.019,0.0026,0.014,-0.0293,-0.1829,-0.0136,0.0395,-0.0811,0.0671,-0.042,0.0375,0.0103,0.0928,0.0655,0.1159,-0.0178,0.0142,0.018,-0.1103,-0.0588,0.0339,0.1956,-0.0227,0.0235,0.0137,-0.014,-0.0807,0.1241,0.3165,-0.7733,-0.3361,1.0925,1.3877,-0.2368,-0.0702,0.2748,-0.4681,0.3989,0.2233,-0.4961,1.2531,-1.3501,0.8417,-0.8806,-1.9215,0.5724,0.1592,-0.4202,0.0292,-0.0526,-0.0196,-1.0659,0.7998,0.1624,-0.4677,0.0374,-0.0847,-0.0147,7.759234747220052,11.781012437510988,6.998180582621194,6.81979662721737,8.517005963605166,9.628003961064987,-1.0,-1.0,7.242432905297076,-1.0,-1.0,7.165329968471486,-1.0,-1.0,-1.0,-1.0,-1.0,-1.0,-1.0,-1.0,-1.0,-1.0,-1.0,-1.0,-1.0,-1.0,-1.0,-1.0,-1.0,-1.0,-1.0,-1.0,-1.0,-1.0,-1.0,-1.0,-1.0,-1.0,-1.0,-1.0,-1.0,-1.0,-1.0,-1.0,-1.0,-1.0,-1.0,-1.0,-1.0,-1.0,-1.0,-1.0,-1.0,-1.0,-1.0,-1.0,-1.0,-1.0,-1.0,-1.0,-1.0,-1.0,-1.0,0.1235561524697683,-5.685245955316629,0.7540387566950906
94,0.188,0.3227543105624261,-0.017917120331196523,1.6136489469752178,0.1235561524697683,-5.685245955316629,-1.0706212433049096,0.06177166380587795,0.1817,-0.0188,1.0259,0.9995,0.0171,0.0113,-0.0256,0.0887,-0.0299,-0.0194,0.0026,0.0146,-0.0302,-0.1822,-0.0131,0.0385,-0.0786,0.0644,-0.0403,0.0357,0.0065,0.0939,0.0658,0.115,-0.0178,0.0141,0.0179,-0.1124,-0.0573,0.0342,0.1947,-0.0227,0.0233,0.0137,-0.0133,-0.0794,0.1248,0.2998,-0.7706,-0.3342,1.1105,1.3679,-0.1969,0.0173,0.3124,-0.4678,0.3832,0.2267,-0.4775,1.2516,-1.3662,0.8633,-0.8773,-1.9096,0.5499,0.1481,-0.4306,0.0294,-0.0532,-0.0203,-1.0233,0.7866,0.156,-0.4889,0.0376,-0.0854,-0.0153,7.677796115491341,11.740080294814819,7.0497199565401045,6.728810184688885,8.621057405552799,9.199146834726747,-1.0,-1.0,7.327224132236644,-1.0,-1.0,7.5108984985900005,-1.0,-1.0,-1.0,-1.0,-1.0,-1.0,-1.0,-1.0,-1.0,-1.0,-1.0,-1.0,-1.0,-1.0,-1.0,-1.0,-1.0,-1.0,-1.0,-1.0,-1.0,-1.0,-1.0,-1.0,-1.0,-1.0,-1.0,-1.0,-1.0,-1.0,-1.0,-1.0,-1.0,-1.0,-1.0,-1.0,-1.0,-1.0,-1.0,-1.0,-1.0,-1.0,-1.0,-1.0,-1.0,-1.0,-1.0,-1.0,-1.0,-1.0,-1.0,0.1235561524697683,-5.685245955316629,0.7540387566950906
95,0.19,0.32300142286736566,-0.029287612241829963,1.6114880844886077,0.1235561524697683,-5.685245955316629,-1.0902412433049096,0.06177166380587795,0.1817,-0.019,1.0262,0.9995,0.0173,0.0105,-0.026,0.0909,-0.0272,-0.0197,0.0027,0.0153,-0.0311,-0.1814,-0.0127,0.0376,-0.0761,0.0619,-0.0391,0.034,0.0027,0.095,0.0661,0.1141,-0.0177,0.014,0.0179,-0.1143,-0.0557,0.0345,0.1937,-0.0226,0.0232,0.0136,-0.0124,-0.078,0.1285,0.2785,-0.7656,-0.3311,1.1222,1.3524,-0.1537,0.0696,0.3324,-0.4658,0.3599,0.2235,-0.4375,1.2405,-1.2359,0.5735,-0.8723,-1.8933,0.5235,0.1376,-0.4377,0.0295,-0.0536,-0.0209,-0.9753,0.7702,0.1504,-0.5015,0.0379,-0.0856,-0.0157,7.555824989277764,11.574191418066041,7.067730366674833,-1.0,8.669980512731534,8.752740170152908,-1.0,-1.0,7.387300927030452,-1.0,-1.0,7.8717726845174,-1.0,-1.0,-1.0,-1.0,-1.0,-1.0,-1.0,-1.0,-1.0,-1.0,-1.0,-1.0,-1.0,-1.0,-1.0,-1.0,-1.0,-1.0,-1.0,-1.0,-1.0,-1.0,-1.0,-1.0,-1.0,-1.0,-1.0,-1.0,-1.0,-1.0,-1.0,-1.0,-1.0,-1.0,-1.0,-1.0,-1.0,-1.0,-1.0,-1.0,-1.0,-1.0,-1.0,-1.0,-1.0,-1.0,-1.0,-1.0,-1.0,-1.0,-1.0,0.1235561524697683,-5.685245955316629,0.7540387566950906
96,0.192,0.3232485351723052,-0.04065810415246318,1.609287982001998,0.1235561524697683,-5.685245955316629,-1.1098612433049095,0.06177166380587795,0.1817,-0.0191,1.0264,0.9995,0.0175,0.0098,-0.0263,0.0933,-0.0245,-0.02,0.003,0.0161,-0.032,-0.1808,-0.0122,0.0368,-0.0737,0.0596,-0.0385,0.0322,-0.0011,0.096,0.0664,0.1132,-0.0176,0.0139,0.0179,-0.1162,-0.0542,0.0348,0.1926,-0.0225,0.023,0.0136,-0.0098,-0.0761,0.1312,0.2635,-0.7682,-0.2992,1.181,1.3257,-0.123,0.143,0.4218,-0.4268,0.3038,0.2477,-0.4107,1.2037,-1.1267,0.3356,-0.886,-1.8774,0.4984,0.1251,-0.447,0.0305,-0.0553,-0.0223,-0.9198,0.75,0.1414,-0.5147,0.0391,-0.0874,-0.0168,7.411053209606619,11.322561151691376,7.062807243004251,-1.0,8.67753170519128,8.318017143238192,-1.0,-1.0,7.409519203665866,-1.0,-1.0,8.240867965362405,-1.0,-1.0,-1.0,-1.0,-1.0,-1.0,-1.0,-1.0,-1.0,-1.0,-1.0,-1.0,-1.0,-1.0,-1.0,-1.0,-1.0,-1.0,-1.0,-1.0,-1.0,-1.0,-1.0,-1.0,-1.0,-1.0,-1.0,-1.0,-1.0,-1.0,-1.0,-1.0,-1.0,-1.0,-1.0,-1.0,-1.0,-1.0,-1.0,-1.0,-1.0,-1.0,-1.0,-1.0,-1.0,-1.0,-1.0,-1.0,-1.0,-1.0,-1.0,0.1235561524697683,-5.685245955316629,0.7540387566950906
97,0.194,0.32349564747724474,-0.0520285960630964,1.6070486395153882,0.1235561524697683,-5.685245955316629,-1.1294812433049095,0.06177166380587795,0.1817,-0.0193,1.0267,0.9994,0.0178,0.009,-0.0266,0.0957,-0.0219,-0.0202,0.0034,0.0171,-0.0328,-0.1803,-0.0116,0.036,-0.0714,0.0576,-0.0382,0.0304,-0.0048,0.0969,0.0666,0.1123,-0.0176,0.0138,0.0178,-0.1179,-0.0528,0.0351,0.1916,-0.0224,0.0228,0.0136,-0.0074,-0.0738,0.133,0.2524,-0.7697,-0.2671,1.2278,1.299,-0.0981,0.2075,0.5043,-0.3927,0.2528,0.2699,-0.3908,1.1679,-1.0334,0.14,-0.898,-1.8601,0.4744,0.1128,-0.4562,0.0312,-0.0565,-0.0235,-0.8667,0.7302,0.1325,-0.5287,0.04,-0.0889,-0.0177,7.230985137413929,10.967097857819269,7.015736607176386,-1.0,8.616204296859255,7.888508428280977,-1.0,-1.0,7.406101122389047,-1.0,-1.0,8.59934877737345,-1.0,-1.0,-1.0,-1.0,-1.0,-1.0,-1.0,-1.0,-1.0,-1.0,-1.0,-1.0,-1.0,-1.0,-1.0,-1.0,-1.0,-1.0,-1.0,-1.0,-1.0,-1.0,-1.0,-1.0,-1.0,-1.0,-1.0,-1.0,-1.0,-1.0,-1.0,-1.0,-1.0,-1.0,-1.0,-1.0,-1.0,-1.0,-1.0,-1.0,-1.0,-1.0,-1.0,-1.0,-1.0,-1.0,-1.0,-1.0,-1.0,-1.0,-1.0,0.1235561524697683,-5.685245955316629,0.7540387566950906
98,0.196,0.32374275978218425,-0.06339908797372962,1.6047700570287784,0.1235561524697683,-5.685245955316629,-1.1491012433049095,0.06177166380587795,0.1817,-0.0194,1.027,0.9994,0.018,0.0082,-0.0268,0.0983,-0.0194,-0.0204,0.004,0.0183,-0.0335,-0.1799,-0.0111,0.0353,-0.0691,0.0556,-0.0385,0.0286,-0.0085,0.0978,0.0668,0.1114,-0.0175,0.0137,0.0178,-0.1195,-0.0513,0.0353,0.1905,-0.0224,0.0226,0.0135,-0.005,-0.07,0.1294,0.2568,-0.7725,-0.2322,1.2649,1.276,-0.0949,0.2642,0.5792,-0.3631,0.2149,0.2884,-0.3863,1.1428,-0.9863,-0.1739,-0.9126,-1.8415,0.4546,0.0992,-0.4664,0.0316,-0.0574,-0.0245,-0.8214,0.7126,0.1221,-0.5525,0.0405,-0.0903,-0.0185,7.029283633672344,10.545737319586857,6.940190125587888,-1.0,8.505884010156741,7.4708899364935295,-1.0,-1.0,7.366993473505425,-1.0,-1.0,8.953000660528053,-1.0,-1.0,-1.0,-1.0,-1.0,-1.0,-1.0,-1.0,-1.0,-1.0,-1.0,-1.0,-1.0,-1.0,-1.0,-1.0,-1.0,-1.0,-1.0,-1.0,-1.0,-1.0,-1.0,-1.0,-1.0,-1.0,-1.0,-1.0,-1.0,-1.0,-1.0,-1.0,-1.0,-1.0,-1.0,-1.0,-1.0,-1.0,-1.0,-1.0,-1.0,-1.0,-1.0,-1.0,-1.0,-1.0,-1.0,-1.0,-1.0,-1.0,-1.0,0.1235561524697683,-5.685245955316629,0.7540387566950906
99,0.198,0.3239898720871238,-0.07476957988436284,1.6024522345421686,0.1235561524697683,-5.685245955316629,-1.1687212433049097,0.06177166380587795,0.1816,-0.0195,1.0272,0.9994,0.0183,0.0074,-0.027,0.1008,-0.0169,-0.0205,0.0046,0.0196,-0.0342,-0.1795,-0.0105,0.0345,-0.0669,0.0537,-0.0394,0.0267,-0.0121,0.0987,0.067,0.1105,-0.0174,0.0136,0.0177,-0.1211,-0.0499,0.0355,0.1893,-0.0223,0.0225,0.0135,-0.0029,-0.066,0.1255,0.2632,-0.7736,-0.199,1.2911,1.2548,-0.096,0.3077,0.6442,-0.3359,0.1796,0.3045,-0.3861,1.1167,-0.9425,-0.4456,-0.9247,-1.8209,0.4356,0.0862,-0.4762,0.0319,-0.0581,-0.0254,-0.7775,0.6956,0.1121,-0.5753,0.0409,-0.0914,-0.0192,6.815832252707873,10.092844340226973,6.8381666399018295,-1.0,8.352886108107082,7.080270582330771,-1.0,-1.0,7.291487804629225,-1.0,-1.0,9.26689683434304,-1.0,-1.0,-1.0,-1.0,-1.0,-1.0,-1.0,-1.0,-1.0,-1.0,-1.0,-1.0,-1.0,-1.0,-1.0,-1.0,-1.0,-1.0,-1.0,-1.0,-1.0,-1.0,-1.0,-1.0,-1.0,-1.0,-1.0,-1.0,-1.0,-1.0,-1.0,-1.0,-1.0,-1.0,-1.0,-1.0,-1.0,-1.0,-1.0,-1.0,-1.0,-1.0,-1.0,-1.0,-1.0,-1.0,-1.0,-1.0,-1.0,-1.0,-1.0,0.1235561524697683,-5.685245955316629,0.7540387566950906
100,0.2,0.32423698439206333,-0.08614007179499628,1.6000951720555587,0.1235561524697683,-5.685245955316629,-1.1883412433049096,0.06177166380587795,0.1816,-0.0197,1.0274,0.9994,0.0185,0.0067,-0.0272,0.1035,-0.0144,-0.0208,0.0052,0.021,-0.0348,-0.1792,-0.0098,0.0337,-0.0647,0.0519,-0.0408,0.0249,-0.0157,0.0995,0.0671,0.1095,-0.0174,0.0135,0.0177,-0.1226,-0.0486,0.0357,0.1881,-0.0222,0.0223,0.0134,-0.0009,-0.0616,0.1212,0.2728,-0.7726,-0.1679,1.3058,1.2371,-0.105,0.3344,0.6976,-0.3089,0.1475,0.3168,-0.3907,1.0914,-0.9015,-0.6912,-0.935,-1.7978,0.4176,0.0736,-0.4856,0.032,-0.0589,-0.0261,-0.7359,0.6795,0.1024,-0.598,0.0411,-0.0924,-0.0198,-1.0,9.61843840689129,6.717004035677921,-1.0,8.164689060044168,6.7157389085965296,-1.0,-1.0,7.189062462832423,-1.0,-1.0,9.558463329080356,-1.0,-1.0,-1.0,-1.0,-1.0,-1.0,-1.0,-1.0,-1.0,-1.0,-1.0,-1.0,-1.0,-1.0,-1.0,-1.0,-1.0,-1.0,-1.0,-1.0,-1.0,-1.0,-1.0,-1.0,-1.0,-1.0,-1.0,-1.0,-1.0,-1.0,-1.0,-1.0,-1.0,-1.0,-1.0,-1.0,-1.0,-1.0,-1.0,-1.0,-1.0,-1.0,-1.0,-1.0,-1.0,-1.0,-1.0,-1.0,-1.0,-1.0,-1.0,0.1235561524697683,-5.685245955316629,0.7540387566950906
101,0.202,0.3244840966970029,-0.0975105637056295,1.5976988695689487,0.1235561524697683,-5.685245955316629,-1.2079612433049096,0.06177166380587795,0.1816,-0.0198,1.0277,0.9994,0.0188,0.0059,-0.0274,0.1061,-0.0119,-0.021,0.0059,0.0225,-0.0353,-0.179,-0.0092,0.0329,-0.0626,0.0502,-0.0426,0.023,-0.0193,0.1003,0.0672,0.1085,-0.0173,0.0133,0.0176,-0.124,-0.0473,0.0359,0.1869,-0.0221,0.0221,0.0134,0.0008,-0.0569,0.1166,0.2848,-0.7699,-0.1391,1.3104,1.2225,-0.1208,0.3465,0.7404,-0.2815,0.1186,0.3259,-0.3995,1.0664,-0.8632,-0.9134,-0.9436,-1.7724,0.4007,0.0614,-0.4945,0.032,-0.0595,-0.0266,-0.6961,0.6641,0.093,-0.6204,0.0411,-0.0932,-0.0202,-1.0,9.125846496599264,-1.0,-1.0,7.934358712483878,-1.0,-1.0,-1.0,7.0649209521965,-1.0,-1.0,9.797139982592844,-1.0,-1.0,-1.0,-1.0,-1.0,-1.0,-1.0,-1.0,-1.0,-1.0,-1.0,-1.0,-1.0,-1.0,-1.0,-1.0,-1.0,-1.0,-1.0,-1.0,-1.0,-1.0,-1.0,-1.0,-1.0,-1.0,-1.0,-1.0,-1.0,-1.0,-1.0,-1.0,-1.0,-1.0,-1.0,-1.0,-1.0,-1.0,-1.0,-1.0,-1.0,-1.0,-1.0,-1.0,-1.0,-1.0,-1.0,-1.0,-1.0,-1.0,-1.0,0.1235561524697683,-5.685245955316629,0.7540387566950906
102,0.204,0.3247312090019424,-0.10888105561626271,1.595263327082339,0.1235561524697683,-5.685245955316629,-1.2275812433049096,0.06177166380587795,0.1817,-0.0199,1.0279,0.9994,0.019,0.0051,-0.0275,0.1086,-0.0094,-0.0213,0.0064,0.0241,-0.0358,-0.1788,-0.0085,0.0321,-0.0604,0.0485,-0.0449,0.0211,-0.0228,0.1011,0.0673,0.1075,-0.0172,0.0132,0.0176,-0.1253,-0.046,0.0361,0.1856,-0.022,0.0219,0.0134,0.0033,-0.0512,0.1118,0.2998,-0.7709,-0.1174,1.2618,1.2623,-0.1511,0.2315,0.8077,-0.2393,0.1043,0.3334,-0.4146,1.0549,-0.8366,-1.1223,-0.9466,-1.7386,0.3769,0.0463,-0.5024,0.0324,-0.0607,-0.0276,-0.653,0.6415,0.08,-0.6429,0.0416,-0.0949,-0.021,-1.0,8.643334645255186,-1.0,-1.0,7.685707178034013,-1.0,-1.0,-1.0,6.913266966495098,-1.0,-1.0,9.980718815943153,-1.0,-1.0,-1.0,-1.0,-1.0,-1.0,-1.0,-1.0,-1.0,-1.0,-1.0,-1.0,-1.0,-1.0,-1.0,-1.0,-1.0,-1.0,-1.0,-1.0,-1.0,-1.0,-1.0,-1.0,-1.0,-1.0,-1.0,-1.0,-1.0,6.897335205364158,-1.0,-1.0,-1.0,-1.0,-1.0,-1.0,-1.0,-1.0,-1.0,-1.0,-1.0,-1.0,-1.0,-1.0,-1.0,-1.0,-1.0,-1.0,-1.0,-1.0,-1.0,0.1235561524697683,-5.685245955316629,0.7540387566950906
103,0.206,0.324978321306882,-0.12025154752689593,1.5927885445957293,0.1235561524697683,-5.685245955316629,-1.2472012433049096,0.06177166380587795,0.1817,-0.02,1.0281,0.9994,0.0193,0.0043,-0.0276,0.111,-0.0068,-0.0217,0.0066,0.0258,-0.0362,-0.1786,-0.0078,0.0312,-0.0584,0.0469,-0.0475,0.0192,-0.0262,0.1018,0.0674,0.1065,-0.0172,0.0131,0.0175,-0.1265,-0.0447,0.0362,0.1843,-0.0219,0.0217,0.0133,0.0058,-0.0453,0.1069,0.3165,-0.7711,-0.0936,1.2088,1.3054,-0.1869,0.0931,0.8626,-0.1996,0.0879,0.3399,-0.433,1.0432,-0.813,-1.3129,-0.9516,-1.7035,0.3531,0.0311,-0.5091,0.0327,-0.0615,-0.0285,-0.6106,0.619,0.067,-0.6651,0.0419,-0.0962,-0.0217,-1.0,8.178177105848057,-1.0,-1.0,7.419771235173495,-1.0,-1.0,-1.0,6.744436143594511,-1.0,-1.0,10.081417738708064,-1.0,-1.0,-1.0,-1.0,-1.0,-1.0,-1.0,-1.0,-1.0,-1.0,-1.0,-1.0,-1.0,-1.0,-1.0,-1.0,-1.0,-1.0,-1.0,-1.0,-1.0,-1.0,-1.0,-1.0,-1.0,-1.0,-1.0,-1.0,-1.0,7.299262176001623,-1.0,-1.0,-1.0,-1.0,-1.0,-1.0,-1.0,-1.0,-1.0,-1.0,-1.0,-1.0,-1.0,-1.0,-1.0,-1.0,-1.0,-1.0,-1.0,-1.0,-1.0,0.1235561524697683,-5.685245955316629,0.7540387566950906
104,0.208,0.3252254336118215,-0.13162203943752937,1.5902745221091195,0.1235561524697683,-5.685245955316629,-1.2668212433049097,0.06177166380587795,0.1817,-0.02,1.0283,0.9994,0.0197,0.0036,-0.0277,0.1134,-0.0041,-0.0221,0.0065,0.0276,-0.0365,-0.1786,-0.0072,0.0302,-0.0562,0.046,-0.0498,0.0173,-0.0295,0.1025,0.0674,0.1054,-0.0171,0.013,0.0174,-0.1276,-0.0435,0.0363,0.1829,-0.0219,0.0215,0.0133,0.0089,-0.0389,0.0968,0.3451,-0.7762,-0.0815,1.1669,1.3562,-0.2391,-0.0401,0.9062,-0.1614,-0.0083,0.2935,-0.4871,1.0827,-0.4594,-1.1388,-0.9495,-1.6658,0.3356,0.0158,-0.5168,0.0327,-0.062,-0.0292,-0.576,0.6013,0.0536,-0.6939,0.0419,-0.0974,-0.0222,-1.0,7.737370025614725,-1.0,-1.0,7.147958929984136,-1.0,-1.0,-1.0,-1.0,-1.0,-1.0,10.110878356411463,-1.0,-1.0,-1.0,-1.0,-1.0,-1.0,-1.0,-1.0,-1.0,-1.0,-1.0,-1.0,-1.0,-1.0,-1.0,-1.0,-1.0,-1.0,-1.0,-1.0,-1.0,-1.0,-1.0,-1.0,-1.0,-1.0,-1.0,-1.0,-1.0,7.732441346731839,-1.0,-1.0,-1.0,-1.0,-1.0,-1.0,-1.0,-1.0,-1.0,-1.0,-1.0,-1.0,-1.0,-1.0,-1.0,-1.0,-1.0,-1.0,-1.0,-1.0,-1.0,0.1235561524697683,-5.685245955316629,0.7540387566950906
105,0.21,0.325472545916761,-0.1429925313481626,1.5877212596225097,0.1235561524697683,-5.685245955316629,-1.2864412433049095,0.06177166380587795,0.1817,-0.0201,1.0285,0.9994,0.02,0.0028,-0.0278,0.1156,-0.0013,-0.0227,0.0062,0.0295,-0.0368,-0.1788,-0.0067,0.0292,-0.054,0.0457,-0.0517,0.0154,-0.0327,0.1031,0.0674,0.1044,-0.0171,0.0128,0.0174,-0.1287,-0.0424,0.0364,0.1814,-0.0218,0.0213,0.0132,0.0116,-0.0326,0.0863,0.3734,-0.7784,-0.0704,1.1276,1.3906,-0.292,-0.1349,0.9425,-0.1241,-0.0843,0.2503,-0.5387,1.1131,-0.1359,-0.9733,-0.9478,-1.6282,0.3199,0.0017,-0.5248,0.0326,-0.0627,-0.0298,-0.5432,0.5852,0.0413,-0.7211,0.0418,-0.0983,-0.0227,-1.0,7.316622324591506,-1.0,-1.0,6.86783108880365,-1.0,-1.0,-1.0,-1.0,-1.0,-1.0,10.053289279186256,-1.0,-1.0,-1.0,-1.0,-1.0,-1.0,-1.0,-1.0,-1.0,-1.0,-1.0,-1.0,-1.0,-1.0,-1.0,-1.0,-1.0,-1.0,-1.0,-1.0,-1.0,-1.0,-1.0,-1.0,-1.0,-1.0,-1.0,-1.0,-1.0,8.195492017924257,-1.0,-1.0,-1.0,-1.0,-1.0,-1.0,-1.0,-1.0,-1.0,-1.0,-1.0,-1.0,-1.0,-1.0,-1.0,-1.0,-1.0,-1.0,-1.0,-1.0,-1.0,0.1235561524697683,-5.685245955316629,0.7540387566950906
106,0.212,0.32571965822170057,-0.15436302325879558,1.5851287571358998,0.1235561524697683,-5.685245955316629,-1.3060612433049092,0.06177166380587795,0.1817,-0.0202,1.0287,0.9994,0.0204,0.002,-0.0279,0.1178,0.0015,-0.0234,0.0058,0.0315,-0.037,-0.1789,-0.0062,0.0281,-0.0518,0.0452,-0.0541,0.0135,-0.0359,0.1037,0.0674,0.1033,-0.017,0.0127,0.0173,-0.1297,-0.0412,0.0365,0.18,-0.0217,0.0211,0.0132,0.0127,-0.0277,0.0841,0.3805,-0.7694,-0.0502,1.078,1.3937,-0.3199,-0.1951,0.9735,-0.0879,-0.0673,0.274,-0.5395,1.0687,-0.2479,-1.1942,-0.9517,-1.5915,0.2966,-0.0093,-0.5302,0.0326,-0.0632,-0.0302,-0.5002,0.5641,0.032,-0.7315,0.0419,-0.0987,-0.0231,-1.0,6.92557829224711,-1.0,-1.0,-1.0,-1.0,-1.0,-1.0,-1.0,-1.0,-1.0,9.919431385250492,-1.0,-1.0,-1.0,-1.0,-1.0,-1.0,-1.0,-1.0,-1.0,-1.0,-1.0,-1.0,-1.0,-1.0,-1.0,-1.0,-1.0,-1.0,-1.0,-1.0,-1.0,-1.0,-1.0,-1.0,-1.0,-1.0,-1.0,-1.0,-1.0,8.680926198478495,-1.0,-1.0,-1.0,-1.0,-1.0,-1.0,-1.0,-1.0,-1.0,-1.0,-1.0,-1.0,-1.0,-1.0,-1.0,-1.0,-1.0,-1.0,-1.0,-1.0,-1.0,0.1235561524697683,-5.685245955316629,0.7540387566950906
107,0.214,0.3259667705266401,-0.16573351516942902,1.58249701464929,0.1235561524697683,-5.685245955316629,-1.3256812433049094,0.06177166380587795,0.1818,-0.0202,1.0288,0.9994,0.0207,0.0012,-0.0279,0.1199,0.0042,-0.024,0.0055,0.0335,-0.0371,-0.179,-0.0056,0.027,-0.0498,0.0445,-0.0569,0.0116,-0.039,0.1042,0.0674,0.1022,-0.0169,0.0126,0.0173,-0.1306,-0.0401,0.0365,0.1785,-0.0216,0.0209,0.0131,0.0133,-0.0251,0.0805,0.3774,-0.7576,-0.0375,1.0812,1.3532,-0.3001,-0.1535,1.0205,-0.0552,-0.056,0.2921,-0.5266,1.0255,-0.3334,-1.3767,-0.9455,-1.553,0.2763,-0.0179,-0.5397,0.0329,-0.0646,-0.0309,-0.4592,0.545,0.0247,-0.7392,0.0423,-0.1003,-0.0236,-1.0,-1.0,-1.0,-1.0,-1.0,-1.0,-1.0,-1.0,-1.0,-1.0,-1.0,9.71988043479729,-1.0,-1.0,-1.0,-1.0,-1.0,-1.0,-1.0,-1.0,-1.0,-1.0,-1.0,-1.0,-1.0,-1.0,-1.0,-1.0,-1.0,-1.0,-1.0,-1.0,-1.0,-1.0,-1.0,-1.0,-1.0,-1.0,-1.0,-1.0,-1.0,9.200717864796298,6.8211216376424515,-1.0,-1.0,-1.0,-1.0,-1.0,-1.0,-1.0,-1.0,-1.0,-1.0,-1.0,-1.0,-1.0,-1.0,-1.0,-1.0,-1.0,-1.0,-1.0,-1.0,0.1235561524697683,-5.685245955316629,0.7540387566950906
108,0.216,0.32621388283157965,-0.17710400708006224,1.57982603216268,0.1235561524697683,-5.685245955316629,-1.3453012433049096,0.06177166380587795,0.1818,-0.0203,1.029,0.9994,0.0211,0.0005,-0.028,0.1221,0.0068,-0.0245,0.0053,0.0356,-0.0371,-0.1792,-0.005,0.026,-0.0478,0.0438,-0.0593,0.0097,-0.0421,0.1047,0.0673,0.1012,-0.0169,0.0125,0.0172,-0.1315,-0.0391,0.0366,0.177,-0.0215,0.0207,0.0131,0.0134,-0.0248,0.0857,0.3503,-0.7399,-0.0291,1.0735,1.3053,-0.2499,-0.1219,1.0707,-0.0237,-0.0563,0.309,-0.4962,0.9687,-0.3441,-1.2371,-0.9308,-1.5129,0.2478,-0.0235,-0.546,0.0333,-0.0655,-0.0314,-0.4059,0.5206,0.0208,-0.7273,0.0429,-0.1008,-0.024,-1.0,-1.0,-1.0,-1.0,-1.0,-1.0,-1.0,-1.0,-1.0,-1.0,-1.0,9.46733787762694,-1.0,-1.0,-1.0,-1.0,-1.0,-1.0,-1.0,-1.0,-1.0,-1.0,-1.0,-1.0,-1.0,-1.0,-1.0,-1.0,-1.0,-1.0,-1.0,-1.0,-1.0,-1.0,-1.0,-1.0,-1.0,-1.0,-1.0,-1.0,-1.0,9.729595425893807,7.132934005784987,-1.0,-1.0,-1.0,-1.0,-1.0,-1.0,-1.0,-1.0,-1.0,-1.0,-1.0,-1.0,-1.0,-1.0,-1.0,-1.0,-1.0,-1.0,-1.0,-1.0,0.1235561524697683,-5.685245955316629,0.7540387566950906
109,0.218,0.32646099513651916,-0.18847449899069546,1.5771158096760702,0.1235561524697683,-5.685245955316629,-1.3649212433049094,0.06177166380587795,0.1818,-0.0203,1.0292,0.9994,0.0214,-0.0003,-0.028,0.1242,0.0093,-0.0249,0.0051,0.0379,-0.0371,-0.1793,-0.0043,0.0251,-0.046,0.0431,-0.0615,0.0079,-0.045,0.1052,0.0673,0.1001,-0.0168,0.0123,0.0171,-0.1322,-0.0381,0.0366,0.1756,-0.0214,0.0205,0.013,0.0133,-0.0241,0.0898,0.327,-0.7215,-0.0215,1.059,1.26,-0.2081,-0.1007,1.1232,0.007,-0.0571,0.3212,-0.471,0.9164,-0.3509,-1.1024,-0.916,-1.4705,0.2189,-0.0299,-0.5519,0.0336,-0.0653,-0.0318,-0.3548,0.4957,0.016,-0.7181,0.0433,-0.1009,-0.0243,-1.0,-1.0,-1.0,-1.0,-1.0,-1.0,-1.0,-1.0,-1.0,-1.0,-1.0,9.159054367487942,-1.0,-1.0,-1.0,-1.0,-1.0,-1.0,-1.0,-1.0,-1.0,-1.0,-1.0,-1.0,-1.0,-1.0,-1.0,-1.0,-1.0,-1.0,-1.0,-1.0,-1.0,-1.0,-1.0,-1.0,-1.0,-1.0,-1.0,-1.0,-1.0,10.273619004950735,7.457137766704786,-1.0,-1.0,-1.0,-1.0,-1.0,-1.0,-1.0,-1.0,-1.0,-1.0,-1.0,-1.0,-1.0,-1.0,-1.0,-1.0,-1.0,-1.0,-1.0,-1.0,0.1235561524697683,-5.685245955316629,0.7540387566950906
110,0.22,0.32670810744145873,-0.19984499090132868,1.5743663471894607,0.1235561524697683,-5.685245955316629,-1.3845412433049096,0.06177166380587795,0.1818,-0.0204,1.0293,0.9994,0.0217,-0.001,-0.028,0.1262,0.0118,-0.0253,0.0047,0.0398,-0.037,-0.1794,-0.0037,0.0242,-0.0443,0.0423,-0.0632,0.0061,-0.0479,0.1056,0.0672,0.0989,-0.0167,0.0122,0.0171,-0.1328,-0.0372,0.0366,0.1742,-0.0213,0.0203,0.013,0.0122,-0.0217,0.0927,0.3177,-0.7003,-0.0157,0.9917,1.2332,-0.2099,-0.2015,0.9774,0.036,-0.0515,0.3274,-0.47,0.8669,-0.4088,-0.8446,-0.9031,-1.4251,0.1918,-0.0381,-0.5541,0.0337,-0.0648,-0.0322,-0.3108,0.4725,0.0093,-0.7154,0.0435,-0.1008,-0.0246,-1.0,-1.0,-1.0,-1.0,-1.0,-1.0,-1.0,-1.0,-1.0,-1.0,-1.0,8.824257297576322,-1.0,-1.0,-1.0,-1.0,-1.0,-1.0,-1.0,-1.0,-1.0,-1.0,-1.0,-1.0,-1.0,-1.0,-1.0,-1.0,-1.0,-1.0,-1.0,-1.0,-1.0,-1.0,-1.0,-1.0,-1.0,-1.0,-1.0,-1.0,-1.0,10.80062533241514,7.777867343999485,-1.0,-1.0,-1.0,-1.0,-1.0,-1.0,-1.0,-1.0,-1.0,-1.0,-1.0,-1.0,-1.0,-1.0,-1.0,-1.0,-1.0,-1.0,-1.0,-1.0,0.1235561524697683,-5.685245955316629,0.7540387566950906
111,0.222,0.32695521974639824,-0.2112154828119619,1.5715776447028507,0.1235561524697683,-5.685245955316629,-1.4041612433049098,0.06177166380587795,0.1819,-0.0204,1.0295,0.9994,0.022,-0.0017,-0.028,0.128,0.0142,-0.0257,0.0041,0.0416,-0.0369,-0.1795,-0.003,0.0232,-0.0426,0.0414,-0.0644,0.0043,-0.0506,0.1059,0.0671,0.0978,-0.0167,0.0121,0.017,-0.1333,-0.0363,0.0366,0.1727,-0.0213,0.0201,0.0129,0.0115,-0.0189,0.0949,0.3122,-0.6819,-0.0097,0.9359,1.2088,-0.2159,-0.2783,0.8571,0.0652,-0.0475,0.3366,-0.474,0.8167,-0.4585,-0.6065,-0.8926,-1.3781,0.1653,-0.0461,-0.5549,0.0338,-0.0641,-0.0325,-0.27,0.4497,0.0027,-0.7134,0.0436,-0.1005,-0.0248,-1.0,-1.0,-1.0,-1.0,-1.0,-1.0,-1.0,-1.0,-1.0,-1.0,-1.0,8.473656902581535,-1.0,-1.0,-1.0,-1.0,-1.0,-1.0,-1.0,-1.0,-1.0,-1.0,-1.0,-1.0,-1.0,-1.0,-1.0,-1.0,-1.0,-1.0,-1.0,-1.0,-1.0,-1.0,-1.0,-1.0,-1.0,-1.0,-1.0,-1.0,-1.0,11.316548279118948,8.104063524425383,-1.0,-1.0,-1.0,-1.0,-1.0,-1.0,-1.0,-1.0,-1.0,-1.0,-1.0,-1.0,-1.0,-1.0,-1.0,-1.0,-1.0,-1.0,-1.0,-1.0,0.1235561524697683,-5.685245955316629,0.7540387566950906
112,0.224,0.32720233205133775,-0.22258597472259534,1.5687497022162409,0.1235561524697683,-5.685245955316629,-1.4237812433049095,0.06177166380587795,0.1819,-0.0204,1.0297,0.9994,0.0222,-0.0023,-0.0281,0.1298,0.0166,-0.0262,0.0035,0.0431,-0.0367,-0.1796,-0.0023,0.0222,-0.0411,0.0403,-0.065,0.0025,-0.0533,0.1062,0.067,0.0967,-0.0166,0.0119,0.0169,-0.1338,-0.0354,0.0366,0.1713,-0.0212,0.0199,0.0129,0.0111,-0.0168,0.0945,0.3064,-0.6682,-0.0016,0.8903,1.1782,-0.223,-0.3201,0.7575,0.0984,-0.0482,0.346,-0.4804,0.7811,-0.5304,-0.3003,-0.8849,-1.3372,0.1421,-0.054,-0.557,0.0339,-0.0642,-0.0328,-0.2372,0.4281,-0.0049,-0.7143,0.0437,-0.1012,-0.0252,-1.0,-1.0,-1.0,-1.0,-1.0,-1.0,-1.0,-1.0,-1.0,-1.0,-1.0,8.107228813391478,-1.0,-1.0,-1.0,-1.0,-1.0,-1.0,-1.0,-1.0,-1.0,-1.0,-1.0,-1.0,-1.0,-1.0,-1.0,-1.0,-1.0,-1.0,-1.0,-1.0,-1.0,-1.0,-1.0,-1.0,-1.0,-1.0,-1.0,-1.0,-1.0,11.778572827740192,8.419704018546495,-1.0,-1.0,-1.0,-1.0,-1.0,-1.0,-1.0,-1.0,-1.0,-1.0,-1.0,-1.0,-1.0,-1.0,-1.0,-1.0,-1.0,-1.0,-1.0,-1.0,0.1235561524697683,-5.685245955316629,0.7540387566950906
113,0.226,0.3274494443562773,-0.23395646663322855,1.5658825197296309,0.1235561524697683,-5.685245955316629,-1.4434012433049097,0.06177166380587795,0.1819,-0.0205,1.0299,0.9993,0.0225,-0.003,-0.0281,0.1315,0.0188,-0.0266,0.0028,0.0444,-0.0365,-0.1797,-0.0016,0.0213,-0.0396,0.0392,-0.0651,0.0008,-0.0559,0.1064,0.0669,0.0956,-0.0165,0.0118,0.0169,-0.1342,-0.0346,0.0366,0.1699,-0.0211,0.0197,0.0128,0.0105,-0.0149,0.0934,0.2994,-0.654,0.0056,0.85,1.1413,-0.2295,-0.3452,0.6893,0.1299,-0.0495,0.3548,-0.483,0.7434,-0.5857,-0.0358,-0.875,-1.2977,0.1184,-0.0612,-0.56,0.0339,-0.0644,-0.0331,-0.2049,0.4057,-0.0117,-0.7131,0.0438,-0.1012,-0.0254,-1.0,-1.0,-1.0,-1.0,-1.0,-1.0,-1.0,-1.0,-1.0,-1.0,-1.0,7.740946713678656,-1.0,-1.0,-1.0,-1.0,-1.0,-1.0,-1.0,-1.0,-1.0,-1.0,-1.0,-1.0,-1.0,-1.0,-1.0,-1.0,-1.0,-1.0,-1.0,-1.0,-1.0,-1.0,-1.0,-1.0,-1.0,-1.0,-1.0,-1.0,-1.0,12.147246289039678,8.708446939126432,6.768558983703496,-1.0,-1.0,-1.0,-1.0,-1.0,-1.0,-1.0,-1.0,-1.0,-1.0,-1.0,-1.0,-1.0,-1.0,-1.0,-1.0,-1.0,-1.0,-1.0,0.1235561524697683,-5.685245955316629,0.7540387566950906
114,0.228,0.32769655666121683,-0.24532695854386177,1.5629760972430211,0.1235561524697683,-5.685245955316629,-1.4630212433049095,0.06177166380587795,0.1819,-0.0205,1.0301,0.9993,0.0228,-0.0036,-0.0281,0.1332,0.021,-0.0271,0.0021,0.0457,-0.0361,-0.1798,-0.0009,0.0203,-0.0382,0.0379,-0.0647,-0.001,-0.0584,0.1066,0.0667,0.0945,-0.0164,0.0117,0.0168,-0.1346,-0.0338,0.0366,0.1685,-0.021,0.0195,0.0128,0.0097,-0.0134,0.0915,0.2904,-0.6387,0.0121,0.8138,1.0975,-0.2348,-0.357,0.6494,0.1596,-0.0514,0.3631,-0.4806,0.7026,-0.6251,0.1865,-0.8626,-1.2596,0.0935,-0.0674,-0.5639,0.034,-0.0643,-0.0334,-0.172,0.3821,-0.0177,-0.7087,0.0439,-0.1006,-0.0256,-1.0,-1.0,-1.0,-1.0,-1.0,-1.0,-1.0,-1.0,-1.0,-1.0,-1.0,7.380404027338282,-1.0,-1.0,-1.0,-1.0,-1.0,-1.0,-1.0,-1.0,-1.0,-1.0,-1.0,-1.0,-1.0,-1.0,-1.0,-1.0,-1.0,-1.0,-1.0,-1.0,-1.0,-1.0,-1.0,-1.0,-1.0,-1.0,-1.0,-1.0,-1.0,12.415158778085104,8.96892972589778,6.931666844881115,-1.0,-1.0,-1.0,-1.0,-1.0,-1.0,-1.0,-1.0,-1.0,-1.0,-1.0,-1.0,-1.0,-1.0,-1.0,-1.0,-1.0,-1.0,-1.0,0.1235561524697683,-5.685245955316629,0.7540387566950906
115,0.23,0.3279436689661564,-0.256697450454495,1.5600304347564113,0.1235561524697683,-5.685245955316629,-1.4826412433049097,0.06177166380587795,0.1819,-0.0205,1.0303,0.9993,0.0231,-0.0043,-0.0281,0.1347,0.0232,-0.0276,0.0014,0.047,-0.0358,-0.1799,-0.0001,0.0194,-0.0369,0.0366,-0.064,-0.0026,-0.0608,0.1067,0.0666,0.0933,-0.0164,0.0116,0.0167,-0.1348,-0.0331,0.0365,0.1671,-0.0209,0.0193,0.0127,0.0091,-0.0119,0.0891,0.2817,-0.6242,0.0186,0.7794,1.0557,-0.2403,-0.3651,0.6293,0.1879,-0.0541,0.3717,-0.4781,0.6622,-0.6572,0.3911,-0.8497,-1.2212,0.0685,-0.0736,-0.5671,0.034,-0.064,-0.0336,-0.1403,0.3581,-0.0238,-0.7042,0.044,-0.0996,-0.0258,-1.0,-1.0,-1.0,-1.0,-1.0,-1.0,-1.0,-1.0,-1.0,-1.0,-1.0,7.026656784922568,-1.0,-1.0,-1.0,-1.0,-1.0,-1.0,-1.0,-1.0,-1.0,-1.0,-1.0,-1.0,-1.0,-1.0,-1.0,-1.0,-1.0,-1.0,-1.0,-1.0,-1.0,-1.0,-1.0,-1.0,-1.0,-1.0,-1.0,-1.0,-1.0,12.547133522512008,9.184874937911136,7.073172539585869,-1.0,-1.0,-1.0,-1.0,-1.0,-1.0,-1.0,-1.0,-1.0,-1.0,-1.0,-1.0,-1.0,-1.0,-1.0,-1.0,-1.0,-1.0,-1.0,0.1235561524697683,-5.685245955316629,0.7540387566950906
116,0.232,0.3281907812710959,-0.2680679423651282,1.5570455322698016,0.1235561524697683,-5.685245955316629,-1.5022612433049098,0.06177166380587795,0.182,-0.0205,1.0305,0.9993,0.0233,-0.0049,-0.0281,0.1362,0.0252,-0.0281,0.0006,0.0483,-0.0353,-0.18,0.0006,0.0184,-0.0356,0.0352,-0.0629,-0.0043,-0.0632,0.1068,0.0664,0.0922,-0.0163,0.0114,0.0167,-0.1351,-0.0325,0.0365,0.1657,-0.0208,0.0191,0.0127,0.0088,-0.0103,0.0883,0.2712,-0.6113,0.0245,0.7448,1.0213,-0.2412,-0.3748,0.6236,0.2151,-0.0601,0.3822,-0.4702,0.6225,-0.6889,0.5125,-0.8368,-1.1803,0.0425,-0.0799,-0.5675,0.0339,-0.0631,-0.0337,-0.1095,0.3337,-0.03,-0.6987,0.0439,-0.0984,-0.0259,-1.0,-1.0,-1.0,-1.0,-1.0,-1.0,-1.0,-1.0,-1.0,-1.0,-1.0,6.690665396398617,-1.0,-1.0,-1.0,-1.0,-1.0,-1.0,-1.0,-1.0,-1.0,-1.0,-1.0,-1.0,-1.0,-1.0,-1.0,-1.0,-1.0,-1.0,-1.0,-1.0,-1.0,-1.0,-1.0,-1.0,-1.0,-1.0,-1.0,-1.0,-1.0,12.559032162477965,9.359376586064254,7.195506171761979,-1.0,-1.0,-1.0,-1.0,-1.0,-1.0,-1.0,-1.0,-1.0,-1.0,-1.0,-1.0,-1.0,-1.0,-1.0,-1.0,-1.0,-1.0,-1.0,0.1235561524697683,-5.685245955316629,0.7540387566950906
117,0.234,0.3284378935760355,-0.27943843427576165,1.5540213897831918,0.1235561524697683,-5.685245955316629,-1.5218812433049096,0.06177166380587795,0.182,-0.0205,1.0306,0.9993,0.0236,-0.0055,-0.028,0.1376,0.0272,-0.0286,-0.0002,0.0495,-0.0349,-0.1801,0.0014,0.0175,-0.0344,0.034,-0.0621,-0.006,-0.0655,0.1069,0.0662,0.0911,-0.0162,0.0113,0.0166,-0.1352,-0.0318,0.0364,0.1643,-0.0207,0.0189,0.0126,0.0088,-0.0081,0.0905,0.2625,-0.598,0.0301,0.6909,0.9998,-0.2419,-0.3915,0.6208,0.2382,-0.0724,0.3765,-0.4545,0.5975,-0.6187,0.3959,-0.8256,-1.1333,0.019,-0.0867,-0.5616,0.0337,-0.0621,-0.0337,-0.0771,0.3136,-0.0361,-0.6922,0.0437,-0.0973,-0.0259,-1.0,-1.0,-1.0,-1.0,-1.0,-1.0,-1.0,-1.0,-1.0,-1.0,-1.0,-1.0,-1.0,-1.0,-1.0,-1.0,-1.0,-1.0,-1.0,-1.0,-1.0,-1.0,-1.0,-1.0,-1.0,-1.0,-1.0,-1.0,-1.0,-1.0,-1.0,-1.0,-1.0,-1.0,-1.0,-1.0,-1.0,-1.0,-1.0,-1.0,-1.0,12.407290118887348,9.457879641019622,7.2797442566809965,-1.0,-1.0,-1.0,-1.0,-1.0,-1.0,-1.0,-1.0,-1.0,-1.0,-1.0,-1.0,-1.0,-1.0,-1.0,-1.0,-1.0,-1.0,-1.0,0.1235561524697683,-5.685245955316629,0.7540387566950906
118,0.236,0.328685005880975,-0.29080892618639487,1.550958007296582,0.1235561524697683,-5.685245955316629,-1.5415012433049098,0.06177166380587795,0.182,-0.0206,1.0308,0.9993,0.0238,-0.0061,-0.028,0.1389,0.0291,-0.0291,-0.0009,0.0507,-0.0343,-0.1803,0.0021,0.0166,-0.0333,0.0328,-0.0619,-0.0076,-0.0676,0.1069,0.0661,0.09,-0.0162,0.0112,0.0165,-0.1353,-0.0312,0.0363,0.1629,-0.0206,0.0187,0.0126,0.0087,-0.0041,0.0863,0.272,-0.5867,0.0341,0.6332,0.9775,-0.2693,-0.3886,0.6034,0.2575,-0.0758,0.3695,-0.4544,0.576,-0.5874,0.1134,-0.8131,-1.0874,0.0017,-0.0948,-0.5585,0.0334,-0.0609,-0.0337,-0.056,0.2973,-0.0441,-0.6989,0.0433,-0.0961,-0.026,-1.0,-1.0,-1.0,-1.0,-1.0,-1.0,-1.0,-1.0,-1.0,-1.0,-1.0,-1.0,-1.0,-1.0,-1.0,-1.0,-1.0,-1.0,-1.0,-1.0,-1.0,-1.0,-1.0,-1.0,-1.0,-1.0,-1.0,-1.0,-1.0,-1.0,-1.0,-1.0,-1.0,-1.0,-1.0,-1.0,-1.0,-1.0,-1.0,-1.0,-1.0,12.136838369306082,9.498516270935513,7.338218134062629,-1.0,-1.0,-1.0,-1.0,-1.0,-1.0,-1.0,-1.0,-1.0,-1.0,-1.0,-1.0,-1.0,-1.0,-1.0,-1.0,-1.0,-1.0,-1.0,0.1235561524697683,-5.685245955316629,0.7540387566950906
119,0.238,0.32893211818591456,-0.3021794180970281,1.5478553848099723,0.1235561524697683,-5.685245955316629,-1.5611212433049095,0.06177166380587795,0.182,-0.0206,1.031,0.9993,0.0241,-0.0067,-0.028,0.14,0.031,-0.0297,-0.0015,0.052,-0.0338,-0.1804,0.0028,0.0157,-0.0322,0.0317,-0.0622,-0.0092,-0.0697,0.1068,0.0659,0.0888,-0.0161,0.0111,0.0165,-0.1354,-0.0307,0.0362,0.1615,-0.0206,0.0185,0.0125,0.0087,-0.0004,0.0813,0.2805,-0.5752,0.0305,0.5727,0.9444,-0.2961,-0.2837,0.6651,0.2642,-0.0745,0.3638,-0.4531,0.5497,-0.5533,-0.1534,-0.7904,-1.043,-0.0149,-0.1015,-0.5578,0.0331,-0.0588,-0.0337,-0.0358,0.2811,-0.0506,-0.7036,0.0429,-0.0946,-0.026,-1.0,-1.0,-1.0,-1.0,-1.0,-1.0,-1.0,-1.0,-1.0,-1.0,-1.0,-1.0,-1.0,-1.0,-1.0,-1.0,-1.0,-1.0,-1.0,-1.0,-1.0,-1.0,-1.0,-1.0,-1.0,-1.0,-1.0,-1.0,-1.0,-1.0,-1.0,-1.0,-1.0,-1.0,-1.0,-1.0,-1.0,-1.0,-1.0,-1.0,-1.0,11.752184209016177,9.465941110187439,7.360041785083835,-1.0,-1.0,-1.0,-1.0,-1.0,-1.0,-1.0,-1.0,-1.0,-1.0,-1.0,-1.0,-1.0,-1.0,-1.0,-1.0,-1.0,-1.0,-1.0,0.1235561524697683,-5.685245955316629,0.7540387566950906
120,0.24,0.32917923049085407,-0.3135499100076613,1.5447135223233626,0.1235561524697683,-5.685245955316629,-1.5807412433049097,0.06177166380587795,0.182,-0.0205,1.0311,0.9993,0.0244,-0.0073,-0.028,0.141,0.0329,-0.0304,-0.0019,0.0535,-0.0333,-0.1808,0.0034,0.0147,-0.031,0.0313,-0.0624,-0.0107,-0.0717,0.1068,0.0656,0.0877,-0.016,0.011,0.0164,-0.1354,-0.0301,0.0361,0.16,-0.0205,0.0183,0.0125,0.0097,0.0043,0.0701,0.3042,-0.5701,0.0094,0.5261,0.924,-0.3425,-0.1685,0.7216,0.268,-0.172,0.3055,-0.4965,0.5724,-0.2036,-0.1046,-0.7535,-0.9974,-0.024,-0.1082,-0.5595,0.0327,-0.0569,-0.0337,-0.0251,0.2704,-0.0573,-0.7169,0.0423,-0.093,-0.026,-1.0,-1.0,-1.0,-1.0,-1.0,-1.0,-1.0,-1.0,-1.0,-1.0,-1.0,-1.0,-1.0,-1.0,-1.0,-1.0,-1.0,-1.0,-1.0,-1.0,-1.0,-1.0,-1.0,-1.0,-1.0,-1.0,-1.0,-1.0,-1.0,-1.0,-1.0,-1.0,-1.0,-1.0,-1.0,-1.0,-1.0,-1.0,-1.0,-1.0,-1.0,11.274885148623126,9.357050544137476,7.340814538108056,-1.0,-1.0,-1.0,-1.0,-1.0,-1.0,-1.0,-1.0,-1.0,-1.0,-1.0,-1.0,-1.0,-1.0,-1.0,-1.0,-1.0,-1.0,-1.0,0.1235561524697683,-5.685245955316629,0.7540387566950906
121,0.242,0.3294263427957936,-0.3249204019182945,1.5415324198367526,0.1235561524697683,-5.685245955316629,-1.6003612433049095,0.06177166380587795,0.182,-0.0205,1.0312,0.9993,0.0247,-0.0078,-0.028,0.142,0.0347,-0.0311,-0.002,0.055,-0.0327,-0.1811,0.0041,0.0137,-0.03,0.0308,-0.0632,-0.0122,-0.0736,0.1067,0.0654,0.0866,-0.016,0.0108,0.0163,-0.1355,-0.0296,0.036,0.1586,-0.0204,0.0182,0.0124,0.0094,0.0079,0.066,0.3116,-0.5576,0.0085,0.468,0.8844,-0.3701,-0.0583,0.7837,0.2707,-0.1515,0.3109,-0.4907,0.5351,-0.2389,-0.3854,-0.7309,-0.9561,-0.0398,-0.1129,-0.5586,0.0324,-0.0553,-0.0336,-0.0067,0.2546,-0.0621,-0.7173,0.0419,-0.0912,-0.0259,-1.0,-1.0,-1.0,-1.0,-1.0,-1.0,-1.0,-1.0,-1.0,-1.0,-1.0,-1.0,-1.0,-1.0,-1.0,-1.0,-1.0,-1.0,-1.0,-1.0,-1.0,-1.0,-1.0,-1.0,-1.0,-1.0,-1.0,-1.0,-1.0,-1.0,-1.0,-1.0,-1.0,-1.0,-1.0,-1.0,-1.0,-1.0,-1.0,-1.0,-1.0,10.757436357065789,9.192930362326326,7.290274157932206,-1.0,-1.0,-1.0,-1.0,-1.0,-1.0,-1.0,-1.0,-1.0,-1.0,-1.0,-1.0,-1.0,-1.0,-1.0,-1.0,-1.0,-1.0,-1.0,0.1235561524697683,-5.685245955316629,0.7540387566950906
122,0.244,0.32967345510073315,-0.33629089382892774,1.5383120773501426,0.1235561524697683,-5.685245955316629,-1.6199812433049097,0.06177166380587795,0.1821,-0.0205,1.0314,0.9993,0.025,-0.0084,-0.028,0.1429,0.0364,-0.0319,-0.0022,0.0565,-0.0321,-0.1814,0.0047,0.0127,-0.029,0.0303,-0.0645,-0.0136,-0.0755,0.1066,0.0652,0.0855,-0.0159,0.0107,0.0163,-0.1354,-0.0291,0.0358,0.1572,-0.0203,0.018,0.0124,0.0094,0.0111,0.0621,0.3194,-0.5472,0.0206,0.4565,0.8581,-0.3922,-0.0956,0.7387,0.301,-0.1493,0.3195,-0.4877,0.499,-0.2675,-0.6308,-0.7189,-0.9159,-0.0555,-0.119,-0.5547,0.0321,-0.0552,-0.0335,0.0121,0.2389,-0.0686,-0.7171,0.0415,-0.0901,-0.0259,-1.0,-1.0,-1.0,-1.0,-1.0,-1.0,-1.0,-1.0,-1.0,-1.0,-1.0,-1.0,-1.0,-1.0,-1.0,-1.0,-1.0,-1.0,-1.0,-1.0,-1.0,-1.0,-1.0,-1.0,-1.0,-1.0,-1.0,-1.0,-1.0,-1.0,-1.0,-1.0,-1.0,-1.0,-1.0,-1.0,-1.0,-1.0,-1.0,-1.0,-1.0,10.217975346218637,8.982097482849788,7.211833889922197,-1.0,-1.0,-1.0,-1.0,-1.0,-1.0,-1.0,-1.0,-1.0,-1.0,-1.0,-1.0,-1.0,-1.0,-1.0,-1.0,-1.0,-1.0,-1.0,0.1235561524697683,-5.685245955316629,0.7540387566950906
123,0.246,0.32992056740567266,-0.34766138573956096,1.535052494863533,0.1235561524697683,-5.685245955316629,-1.6396012433049094,0.06177166380587795,0.1821,-0.0205,1.0315,0.9992,0.0253,-0.0089,-0.028,0.1438,0.038,-0.0327,-0.0024,0.0579,-0.0315,-0.1817,0.0054,0.0118,-0.028,0.0298,-0.0656,-0.015,-0.0772,0.1064,0.0649,0.0844,-0.0159,0.0106,0.0162,-0.1354,-0.0287,0.0357,0.1558,-0.0202,0.0178,0.0123,0.009,0.0121,0.0667,0.3038,-0.5328,0.0313,0.4381,0.818,-0.3836,-0.1099,0.712,0.3263,-0.1539,0.3263,-0.4684,0.4589,-0.2404,-0.583,-0.7004,-0.8776,-0.0776,-0.1221,-0.5488,0.0319,-0.0549,-0.0334,0.0414,0.2189,-0.0717,-0.699,0.0414,-0.0882,-0.0259,-1.0,-1.0,-1.0,-1.0,-1.0,-1.0,-1.0,-1.0,-1.0,-1.0,-1.0,-1.0,-1.0,-1.0,-1.0,-1.0,-1.0,-1.0,-1.0,-1.0,-1.0,-1.0,-1.0,-1.0,-1.0,-1.0,-1.0,-1.0,-1.0,-1.0,-1.0,-1.0,-1.0,-1.0,-1.0,-1.0,-1.0,-1.0,-1.0,-1.0,-1.0,9.663871045231126,8.720980372430326,7.098698192251331,-1.0,-1.0,-1.0,-1.0,-1.0,-1.0,-1.0,-1.0,-1.0,-1.0,-1.0,-1.0,-1.0,-1.0,-1.0,-1.0,-1.0,-1.0,-1.0,0.1235561524697683,-5.685245955316629,0.7540387566950906
124,0.248,0.3301676797106122,-0.3590318776501944,1.5317536723769232,0.1235561524697683,-5.685245955316629,-1.6592212433049096,0.06177166380587795,0.1821,-0.0205,1.0316,0.9992,0.0255,-0.0094,-0.0279,0.1446,0.0396,-0.0335,-0.0026,0.0593,-0.0308,-0.182,0.006,0.0108,-0.0272,0.0293,-0.066,-0.0164,-0.0789,0.1063,0.0647,0.0833,-0.0158,0.0105,0.0161,-0.1352,-0.0283,0.0355,0.1544,-0.0201,0.0176,0.0123,0.0085,0.0139,0.0642,0.3052,-0.5207,0.0411,0.4265,0.7809,-0.3937,-0.1136,0.6798,0.3528,-0.1622,0.331,-0.4882,0.4283,-0.2611,-0.1638,-0.6823,-0.8413,-0.0904,-0.1264,-0.5463,0.0316,-0.0544,-0.0333,0.0589,0.2056,-0.0765,-0.6957,0.041,-0.0862,-0.0258,-1.0,-1.0,-1.0,-1.0,-1.0,-1.0,-1.0,-1.0,-1.0,-1.0,-1.0,-1.0,-1.0,-1.0,-1.0,-1.0,-1.0,-1.0,-1.0,-1.0,-1.0,-1.0,-1.0,-1.0,-1.0,-1.0,-1.0,-1.0,-1.0,-1.0,-1.0,-1.0,-1.0,-1.0,-1.0,-1.0,-1.0,-1.0,-1.0,-1.0,-1.0,9.11687091636793,8.42765725809107,6.959947489945996,-1.0,-1.0,-1.0,-1.0,-1.0,-1.0,-1.0,-1.0,-1.0,-1.0,-1.0,-1.0,-1.0,-1.0,-1.0,-1.0,-1.0,-1.0,-1.0,0.1235561524697683,-5.685245955316629,0.7540387566950906
125,0.25,0.33041479201555174,-0.3704023695608276,1.5284156098903134,0.1235561524697683,-5.685245955316629,-1.6788412433049094,0.06177166380587795,0.1821,-0.0204,1.0318,0.9992,0.0258,-0.01,-0.0279,0.1455,0.0411,-0.0343,-0.0028,0.0606,-0.03,-0.1824,0.0067,0.0098,-0.0264,0.0287,-0.0655,-0.0177,-0.0805,0.1061,0.0644,0.0822,-0.0157,0.0104,0.0161,-0.1351,-0.0279,0.0354,0.153,-0.0201,0.0175,0.0122,0.0079,0.0156,0.0612,0.3076,-0.5073,0.0502,0.4161,0.7421,-0.4038,-0.1114,0.6556,0.3774,-0.1712,0.3318,-0.5071,0.3994,-0.2739,0.2138,-0.6629,-0.8049,-0.1023,-0.1304,-0.5435,0.0313,-0.0538,-0.0332,0.0761,0.1932,-0.0809,-0.6923,0.0406,-0.0841,-0.0258,-1.0,-1.0,-1.0,-1.0,-1.0,-1.0,-1.0,-1.0,-1.0,-1.0,-1.0,-1.0,-1.0,-1.0,-1.0,-1.0,-1.0,-1.0,-1.0,-1.0,-1.0,-1.0,-1.0,-1.0,-1.0,-1.0,-1.0,-1.0,-1.0,-1.0,-1.0,-1.0,-1.0,-1.0,-1.0,-1.0,-1.0,-1.0,-1.0,-1.0,-1.0,8.584143883397237,8.109112472481543,6.798275583550759,-1.0,-1.0,-1.0,-1.0,-1.0,-1.0,-1.0,-1.0,-1.0,-1.0,-1.0,-1.0,-1.0,-1.0,-1.0,-1.0,-1.0,-1.0,-1.0,0.1235561524697683,-5.685245955316629,0.7540387566950906
126,0.252,0.3306619043204913,-0.38177286147146083,1.5250383074037033,0.1235561524697683,-5.685245955316629,-1.6984612433049096,0.06177166380587795,0.1821,-0.0204,1.0319,0.9992,0.0261,-0.0105,-0.0279,0.1463,0.0425,-0.0351,-0.003,0.0619,-0.0292,-0.1827,0.0073,0.0088,-0.0256,0.0282,-0.0644,-0.019,-0.0821,0.1058,0.0641,0.0811,-0.0157,0.0103,0.016,-0.1349,-0.0275,0.0352,0.1516,-0.02,0.0173,0.0122,0.0072,0.0173,0.0577,0.311,-0.4932,0.0604,0.4088,0.7032,-0.414,-0.1097,0.6464,0.3997,-0.1823,0.3289,-0.5258,0.3742,-0.2815,0.557,-0.6442,-0.7685,-0.1139,-0.1342,-0.5403,0.0309,-0.0533,-0.0331,0.0932,0.1812,-0.0851,-0.6889,0.0401,-0.0819,-0.0257,-1.0,-1.0,-1.0,-1.0,-1.0,-1.0,-1.0,-1.0,-1.0,-1.0,-1.0,-1.0,-1.0,-1.0,-1.0,-1.0,-1.0,-1.0,-1.0,-1.0,-1.0,-1.0,-1.0,-1.0,-1.0,-1.0,-1.0,-1.0,-1.0,-1.0,-1.0,-1.0,-1.0,-1.0,-1.0,-1.0,-1.0,-1.0,-1.0,-1.0,-1.0,8.084979622078277,7.780520234018696,-1.0,-1.0,-1.0,-1.0,-1.0,-1.0,-1.0,-1.0,-1.0,-1.0,-1.0,-1.0,-1.0,-1.0,-1.0,-1.0,-1.0,-1.0,-1.0,-1.0,0.1235561524697683,-5.685245955316629,0.7540387566950906
127,0.254,0.3309090166254308,-0.39314335338209405,1.5216217649170936,0.1235561524697683,-5.685245955316629,-1.7180812433049097,0.06177166380587795,0.1821,-0.0204,1.032,0.9992,0.0264,-0.011,-0.0278,0.1471,0.0438,-0.0359,-0.0033,0.0633,-0.0284,-0.1831,0.008,0.0077,-0.025,0.0276,-0.0628,-0.0202,-0.0835,0.1056,0.0639,0.0801,-0.0156,0.0102,0.0159,-0.1347,-0.0272,0.035,0.1503,-0.0199,0.0171,0.0121,0.0066,0.0182,0.0557,0.3097,-0.4761,0.0784,0.4164,0.6613,-0.419,-0.12,0.674,0.4246,-0.1993,0.3361,-0.5319,0.3297,-0.305,0.7917,-0.6217,-0.731,-0.1265,-0.1355,-0.535,0.0309,-0.0533,-0.0331,0.1185,0.1693,-0.0863,-0.6737,0.0402,-0.0802,-0.0257,-1.0,-1.0,-1.0,-1.0,-1.0,-1.0,-1.0,-1.0,-1.0,-1.0,-1.0,-1.0,-1.0,-1.0,-1.0,-1.0,-1.0,-1.0,-1.0,-1.0,-1.0,-1.0,-1.0,-1.0,-1.0,-1.0,-1.0,-1.0,-1.0,-1.0,-1.0,-1.0,-1.0,-1.0,-1.0,-1.0,-1.0,-1.0,-1.0,-1.0,-1.0,7.6181055805807105,7.449799655160308,-1.0,-1.0,-1.0,-1.0,-1.0,-1.0,-1.0,-1.0,-1.0,-1.0,-1.0,-1.0,-1.0,-1.0,-1.0,-1.0,-1.0,-1.0,-1.0,-1.0,0.1235561524697683,-5.685245955316629,0.7540387566950906
128,0.256,0.3311561289303704,-0.40451384529272727,1.5181659824304838,0.1235561524697683,-5.685245955316629,-1.7377012433049095,0.06177166380587795,0.1822,-0.0203,1.0321,0.9992,0.0267,-0.0114,-0.0277,0.1479,0.045,-0.0367,-0.0035,0.0647,-0.0275,-0.1836,0.0087,0.0067,-0.0244,0.0269,-0.0612,-0.0214,-0.0849,0.1053,0.0636,0.079,-0.0155,0.0101,0.0159,-0.1344,-0.0269,0.0348,0.149,-0.0198,0.017,0.0121,0.0057,0.0182,0.0584,0.2964,-0.455,0.0961,0.416,0.611,-0.4092,-0.1213,0.7109,0.4467,-0.2194,0.3468,-0.5116,0.2745,-0.3486,0.8065,-0.5936,-0.6932,-0.1445,-0.1349,-0.5275,0.031,-0.0531,-0.0331,0.1531,0.1543,-0.085,-0.6456,0.0403,-0.0779,-0.0257,-1.0,-1.0,-1.0,-1.0,-1.0,-1.0,-1.0,-1.0,-1.0,-1.0,-1.0,-1.0,-1.0,-1.0,-1.0,-1.0,-1.0,-1.0,-1.0,-1.0,-1.0,-1.0,-1.0,-1.0,-1.0,-1.0,-1.0,-1.0,-1.0,-1.0,-1.0,-1.0,-1.0,-1.0,-1.0,-1.0,-1.0,-1.0,-1.0,-1.0,-1.0,7.184591342774776,7.122353446609482,-1.0,-1.0,-1.0,-1.0,-1.0,-1.0,-1.0,-1.0,-1.0,-1.0,-1.0,-1.0,-1.0,-1.0,-1.0,-1.0,-1.0,-1.0,-1.0,-1.0,0.1235561524697683,-5.685245955316629,0.7540387566950906
129,0.258,0.3314032412353099,-0.4158843372033607,1.514670959943874,0.1235561524697683,-5.685245955316629,-1.7573212433049097,0.06177166380587795,0.1822,-0.0203,1.0322,0.9992,0.027,-0.0119,-0.0276,0.1488,0.0461,-0.0375,-0.0038,0.0662,-0.0265,-0.184,0.0094,0.0057,-0.024,0.0263,-0.06,-0.0225,-0.0862,0.105,0.0633,0.078,-0.0155,0.01,0.0158,-0.134,-0.0266,0.0347,0.1478,-0.0197,0.0168,0.012,0.0046,0.018,0.0631,0.2789,-0.4321,0.1146,0.4089,0.556,-0.3946,-0.1136,0.7488,0.4667,-0.2379,0.3458,-0.4768,0.2251,-0.287,0.6106,-0.5629,-0.6557,-0.1648,-0.1334,-0.5187,0.0311,-0.0528,-0.0331,0.1919,0.138,-0.0825,-0.6112,0.0405,-0.0752,-0.0257,-1.0,-1.0,-1.0,-1.0,-1.0,-1.0,-1.0,-1.0,-1.0,-1.0,-1.0,-1.0,-1.0,-1.0,-1.0,-1.0,-1.0,-1.0,-1.0,-1.0,-1.0,-1.0,-1.0,-1.0,-1.0,-1.0,-1.0,-1.0,-1.0,-1.0,-1.0,-1.0,-1.0,-1.0,-1.0,-1.0,-1.0,-1.0,-1.0,-1.0,-1.0,6.780791567569999,6.800131161474843,-1.0,-1.0,-1.0,-1.0,-1.0,-1.0,-1.0,-1.0,-1.0,-1.0,-1.0,-1.0,-1.0,-1.0,-1.0,-1.0,-1.0,-1.0,-1.0,-1.0,0.1235561524697683,-5.685245955316629,0.7540387566950906
130,0.26,0.3316503535402494,-0.42725482911399393,1.5111366974572642,0.1235561524697683,-5.685245955316629,-1.7769412433049094,0.06177166380587795,0.1822,-0.0202,1.0323,0.9992,0.0272,-0.0123,-0.0275,0.1496,0.0471,-0.0384,-0.004,0.0677,-0.0256,-0.1846,0.0101,0.0048,-0.0236,0.0258,-0.0595,-0.0236,-0.0874,0.1046,0.0631,0.077,-0.0154,0.0099,0.0157,-0.1335,-0.0264,0.0345,0.1466,-0.0197,0.0167,0.012,0.0037,0.0202,0.0606,0.2855,-0.4126,0.1339,0.4046,0.513,-0.4109,-0.1053,0.765,0.4877,-0.2548,0.3403,-0.4644,0.1867,-0.2707,0.2385,-0.5367,-0.6183,-0.1772,-0.135,-0.5121,0.031,-0.0525,-0.033,0.2169,0.1269,-0.0837,-0.5971,0.0403,-0.073,-0.0256,-1.0,-1.0,-1.0,-1.0,-1.0,-1.0,-1.0,-1.0,-1.0,-1.0,-1.0,-1.0,-1.0,-1.0,-1.0,-1.0,-1.0,-1.0,-1.0,-1.0,-1.0,-1.0,-1.0,-1.0,-1.0,-1.0,-1.0,-1.0,-1.0,-1.0,-1.0,-1.0,-1.0,-1.0,-1.0,-1.0,-1.0,-1.0,-1.0,-1.0,-1.0,-1.0,-1.0,-1.0,-1.0,-1.0,-1.0,-1.0,-1.0,-1.0,-1.0,-1.0,-1.0,-1.0,-1.0,-1.0,-1.0,-1.0,-1.0,-1.0,-1.0,-1.0,-1.0,0.1235561524697683,-5.685245955316629,0.7540387566950906
131,0.262,0.331897465845189,-0.43862532102462715,1.5075631949706545,0.1235561524697683,-5.685245955316629,-1.7965612433049096,0.06177166380587795,0.1822,-0.0202,1.0325,0.9992,0.0275,-0.0127,-0.0273,0.1504,0.0481,-0.0392,-0.0042,0.0693,-0.0246,-0.1851,0.0107,0.0039,-0.0233,0.0252,-0.0597,-0.0246,-0.0886,0.1042,0.0628,0.0759,-0.0154,0.0098,0.0157,-0.1331,-0.0261,0.0343,0.1454,-0.0196,0.0165,0.0119,0.0029,0.023,0.0579,0.2974,-0.3945,0.1541,0.4003,0.4761,-0.4337,-0.0996,0.7825,0.5054,-0.2727,0.3303,-0.4612,0.1587,-0.2564,-0.1032,-0.5146,-0.5802,-0.1887,-0.1383,-0.5055,0.0307,-0.0522,-0.033,0.2362,0.1158,-0.0869,-0.5914,0.04,-0.0712,-0.0256,-1.0,-1.0,-1.0,-1.0,-1.0,-1.0,-1.0,-1.0,-1.0,-1.0,-1.0,-1.0,-1.0,-1.0,-1.0,-1.0,-1.0,-1.0,-1.0,-1.0,-1.0,-1.0,-1.0,-1.0,-1.0,-1.0,-1.0,-1.0,-1.0,-1.0,-1.0,-1.0,-1.0,-1.0,-1.0,-1.0,-1.0,-1.0,-1.0,-1.0,-1.0,-1.0,-1.0,-1.0,-1.0,-1.0,-1.0,-1.0,-1.0,-1.0,-1.0,-1.0,-1.0,-1.0,-1.0,-1.0,-1.0,-1.0,-1.0,-1.0,-1.0,-1.0,-1.0,0.1235561524697683,-5.685245955316629,0.7540387566950906
132,0.264,0.3321445781501285,-0.44999581293526036,1.5039504524840446,0.1235561524697683,-5.685245955316629,-1.8161812433049098,0.06177166380587795,0.1822,-0.0201,1.0326,0.9992,0.0278,-0.0131,-0.0272,0.1512,0.049,-0.0402,-0.0044,0.0708,-0.0235,-0.186,0.0113,0.0028,-0.0229,0.0254,-0.0599,-0.0256,-0.0897,0.1038,0.0625,0.0749,-0.0153,0.0097,0.0156,-0.1326,-0.0259,0.0342,0.1442,-0.0195,0.0164,0.0119,0.0037,0.027,0.0498,0.325,-0.3852,0.1539,0.4146,0.4653,-0.4739,-0.1045,0.7813,0.5234,-0.429,0.257,-0.5134,0.1961,0.0991,-0.0902,-0.4798,-0.5386,-0.1934,-0.1435,-0.5003,0.0303,-0.0519,-0.0329,0.2441,0.1095,-0.0921,-0.5999,0.0394,-0.0697,-0.0255,-1.0,-1.0,-1.0,-1.0,-1.0,-1.0,-1.0,-1.0,-1.0,-1.0,-1.0,-1.0,-1.0,-1.0,-1.0,-1.0,-1.0,-1.0,-1.0,-1.0,-1.0,-1.0,-1.0,-1.0,-1.0,-1.0,-1.0,-1.0,-1.0,-1.0,-1.0,-1.0,-1.0,-1.0,-1.0,-1.0,-1.0,-1.0,-1.0,-1.0,-1.0,-1.0,-1.0,-1.0,-1.0,-1.0,-1.0,-1.0,-1.0,-1.0,-1.0,-1.0,-1.0,-1.0,-1.0,-1.0,-1.0,-1.0,-1.0,-1.0,-1.0,-1.0,-1.0,0.1235561524697683,-5.685245955316629,0.7540387566950906
133,0.266,0.33239169045506806,-0.4613663048458938,1.5002984699974349,0.1235561524697683,-5.685245955316629,-1.8358012433049096,0.06177166380587795,0.1822,-0.0201,1.0327,0.9991,0.0282,-0.0135,-0.027,0.152,0.0499,-0.0411,-0.0046,0.0724,-0.0224,-0.1868,0.0118,0.0018,-0.0226,0.0255,-0.0607,-0.0265,-0.0907,0.1034,0.0622,0.074,-0.0152,0.0096,0.0155,-0.1321,-0.0257,0.034,0.143,-0.0194,0.0163,0.0118,0.0033,0.0294,0.0482,0.3284,-0.3702,0.1701,0.4183,0.448,-0.4844,-0.1264,0.8044,0.5398,-0.4006,0.2678,-0.5005,0.1557,0.0404,-0.3732,-0.4686,-0.4975,-0.2095,-0.1484,-0.4907,0.0303,-0.052,-0.033,0.259,0.0939,-0.0969,-0.5953,0.0394,-0.0689,-0.0257,-1.0,-1.0,-1.0,-1.0,-1.0,-1.0,-1.0,-1.0,-1.0,-1.0,-1.0,-1.0,-1.0,-1.0,-1.0,-1.0,-1.0,-1.0,-1.0,-1.0,-1.0,-1.0,-1.0,-1.0,-1.0,-1.0,-1.0,-1.0,-1.0,-1.0,-1.0,-1.0,-1.0,-1.0,-1.0,-1.0,-1.0,-1.0,-1.0,-1.0,-1.0,-1.0,-1.0,-1.0,-1.0,-1.0,-1.0,-1.0,-1.0,-1.0,-1.0,-1.0,-1.0,-1.0,-1.0,-1.0,-1.0,-1.0,-1.0,-1.0,-1.0,-1.0,-1.0,0.1235561524697683,-5.685245955316629,0.7540387566950906
134,0.268,0.33263880276000757,-0.472736796756527,1.4966072475108247,0.1235561524697683,-5.685245955316629,-1.8554212433049098,0.06177166380587795,0.1822,-0.02,1.0328,0.9991,0.0285,-0.0138,-0.0268,0.1529,0.0507,-0.0421,-0.0049,0.0741,-0.0213,-0.1875,0.0124,0.0009,-0.0224,0.0254,-0.061,-0.0274,-0.0916,0.103,0.0619,0.073,-0.0152,0.0095,0.0155,-0.1315,-0.0256,0.0338,0.1418,-0.0193,0.0161,0.0118,0.0022,0.0295,0.0522,0.3124,-0.3506,0.1828,0.4098,0.4125,-0.4684,-0.1275,0.8298,0.5476,-0.3788,0.2807,-0.485,0.1109,-0.0425,-0.1646,-0.45,-0.4591,-0.23,-0.1505,-0.4805,0.0304,-0.052,-0.0331,0.2822,0.0756,-0.0985,-0.5759,0.0395,-0.0673,-0.0258,-1.0,-1.0,-1.0,-1.0,-1.0,-1.0,-1.0,-1.0,-1.0,-1.0,-1.0,-1.0,-1.0,-1.0,-1.0,-1.0,-1.0,-1.0,-1.0,-1.0,-1.0,-1.0,-1.0,-1.0,-1.0,-1.0,-1.0,-1.0,-1.0,-1.0,-1.0,-1.0,-1.0,-1.0,-1.0,-1.0,-1.0,-1.0,-1.0,-1.0,-1.0,-1.0,-1.0,-1.0,-1.0,-1.0,-1.0,-1.0,-1.0,-1.0,-1.0,-1.0,-1.0,-1.0,-1.0,-1.0,-1.0,-1.0,-1.0,-1.0,-1.0,-1.0,-1.0,0.1235561524697683,-5.685245955316629,0.7540387566950906
135,0.27,0.33288591506494714,-0.48410728866716024,1.492876785024215,0.1235561524697683,-5.685245955316629,-1.8750412433049095,0.06177166380587795,0.1822,-0.02,1.0329,0.9991,0.0287,-0.0142,-0.0266,0.1536,0.0515,-0.043,-0.0051,0.0758,-0.0202,-0.1882,0.0129,-0.0001,-0.0222,0.0252,-0.061,-0.0283,-0.0924,0.1025,0.0616,0.0721,-0.0151,0.0094,0.0154,-0.1309,-0.0255,0.0336,0.1407,-0.0193,0.016,0.0117,0.0009,0.0297,0.0556,0.2992,-0.3308,0.1961,0.398,0.3739,-0.4559,-0.1189,0.8467,0.5522,-0.3641,0.2885,-0.4712,0.0705,-0.1049,0.001,-0.4311,-0.4224,-0.2492,-0.1531,-0.4711,0.0304,-0.0519,-0.0332,0.3034,0.0582,-0.1006,-0.5597,0.0396,-0.0657,-0.0258,-1.0,-1.0,-1.0,-1.0,-1.0,-1.0,-1.0,-1.0,-1.0,-1.0,-1.0,-1.0,-1.0,-1.0,-1.0,-1.0,-1.0,-1.0,-1.0,-1.0,-1.0,-1.0,-1.0,-1.0,-1.0,-1.0,-1.0,-1.0,-1.0,-1.0,-1.0,-1.0,-1.0,-1.0,-1.0,-1.0,-1.0,-1.0,-1.0,-1.0,-1.0,-1.0,-1.0,-1.0,-1.0,-1.0,-1.0,-1.0,-1.0,-1.0,-1.0,-1.0,-1.0,-1.0,-1.0,-1.0,-1.0,-1.0,-1.0,-1.0,-1.0,-1.0,-1.0,0.1235561524697683,-5.685245955316629,0.7540387566950906
136,0.272,0.33313302736988665,-0.49547778057779346,1.4891070825376052,0.1235561524697683,-5.685245955316629,-1.8946612433049097,0.06177166380587795,0.1822,-0.0199,1.033,0.9991,0.029,-0.0145,-0.0264,0.1544,0.0522,-0.0439,-0.0053,0.0775,-0.0191,-0.189,0.0135,-0.001,-0.0222,0.0249,-0.0608,-0.0291,-0.0932,0.1019,0.0613,0.0711,-0.0151,0.0093,0.0153,-0.1302,-0.0254,0.0334,0.1396,-0.0192,0.0159,0.0116,-0.0002,0.0304,0.0586,0.2896,-0.3116,0.2127,0.3866,0.338,-0.4492,-0.1116,0.8637,0.5557,-0.3608,0.292,-0.4606,0.034,-0.1449,0.1144,-0.4147,-0.3862,-0.2683,-0.1569,-0.462,0.0303,-0.0517,-0.0333,0.3231,0.0405,-0.104,-0.5485,0.0395,-0.0643,-0.0259,-1.0,-1.0,-1.0,-1.0,-1.0,-1.0,-1.0,-1.0,-1.0,-1.0,-1.0,-1.0,-1.0,-1.0,-1.0,-1.0,-1.0,-1.0,-1.0,-1.0,-1.0,-1.0,-1.0,-1.0,-1.0,-1.0,-1.0,-1.0,-1.0,-1.0,-1.0,-1.0,-1.0,-1.0,-1.0,-1.0,-1.0,-1.0,-1.0,-1.0,-1.0,-1.0,-1.0,-1.0,-1.0,-1.0,-1.0,-1.0,-1.0,-1.0,-1.0,-1.0,-1.0,-1.0,-1.0,-1.0,-1.0,-1.0,-1.0,-1.0,-1.0,-1.0,-1.0,0.1235561524697683,-5.685245955316629,0.7540387566950906
137,0.274,0.3333801396748262,-0.5068482724884267,1.4852981400509955,0.1235561524697683,-5.685245955316629,-1.91428124330491,0.06177166380587795,0.1822,-0.0198,1.0331,0.9991,0.0293,-0.0148,-0.0262,0.1552,0.0528,-0.0448,-0.0056,0.0793,-0.018,-0.1897,0.0141,-0.0019,-0.0222,0.0246,-0.0604,-0.0299,-0.0939,0.1013,0.061,0.0702,-0.015,0.0092,0.0153,-0.1296,-0.0253,0.0331,0.1385,-0.0191,0.0157,0.0116,-0.0013,0.0315,0.0613,0.2831,-0.2928,0.2316,0.3754,0.3043,-0.4468,-0.1055,0.8808,0.5582,-0.3662,0.2913,-0.4523,0.0022,-0.1673,0.185,-0.3999,-0.3503,-0.2876,-0.1619,-0.4529,0.0302,-0.0515,-0.0333,0.3417,0.0224,-0.1084,-0.541,0.0392,-0.0629,-0.0259,-1.0,-1.0,-1.0,-1.0,-1.0,-1.0,-1.0,-1.0,-1.0,-1.0,-1.0,-1.0,-1.0,-1.0,-1.0,-1.0,-1.0,-1.0,-1.0,-1.0,-1.0,-1.0,-1.0,-1.0,-1.0,-1.0,-1.0,-1.0,-1.0,-1.0,-1.0,-1.0,-1.0,-1.0,-1.0,-1.0,-1.0,-1.0,-1.0,-1.0,-1.0,-1.0,-1.0,-1.0,-1.0,-1.0,-1.0,-1.0,-1.0,-1.0,-1.0,-1.0,-1.0,-1.0,-1.0,-1.0,-1.0,-1.0,-1.0,-1.0,-1.0,-1.0,-1.0,0.1235561524697683,-5.685245955316629,0.7540387566950906
138,0.276,0.3336272519797657,-0.5182187643990601,1.4814499575643856,0.1235561524697683,-5.685245955316629,-1.9339012433049096,0.06177166380587795,0.1822,-0.0198,1.0332,0.9991,0.0296,-0.0151,-0.0259,0.156,0.0533,-0.0457,-0.0058,0.0811,-0.0169,-0.1905,0.0147,-0.0028,-0.0222,0.0244,-0.0602,-0.0307,-0.0945,0.1007,0.0606,0.0694,-0.0149,0.0091,0.0152,-0.1288,-0.0253,0.0329,0.1375,-0.019,0.0156,0.0115,-0.0018,0.0327,0.0653,0.2723,-0.2757,0.2608,0.3912,0.2799,-0.4442,-0.1248,0.9194,0.5722,-0.3896,0.2857,-0.4331,-0.0224,-0.1189,0.0972,-0.396,-0.311,-0.3143,-0.1693,-0.4396,0.03,-0.0513,-0.0333,0.3651,-0.0013,-0.1146,-0.5317,0.039,-0.0618,-0.026,-1.0,-1.0,-1.0,-1.0,-1.0,-1.0,-1.0,-1.0,-1.0,-1.0,-1.0,-1.0,-1.0,-1.0,-1.0,-1.0,-1.0,-1.0,-1.0,-1.0,-1.0,-1.0,-1.0,-1.0,-1.0,-1.0,-1.0,-1.0,-1.0,-1.0,-1.0,-1.0,-1.0,-1.0,-1.0,-1.0,-1.0,-1.0,-1.0,-1.0,-1.0,-1.0,-1.0,-1.0,-1.0,-1.0,-1.0,-1.0,-1.0,-1.0,-1.0,-1.0,-1.0,-1.0,-1.0,-1.0,-1.0,-1.0,-1.0,-1.0,-1.0,-1.0,-1.0,0.1235561524697683,-5.685245955316629,0.7540387566950906
139,0.278,0.3338743642847053,-0.5295892563096933,1.4775625350777757,0.1235561524697683,-5.685245955316629,-1.9535212433049098,0.06177166380587795,0.1822,-0.0197,1.0334,0.9991,0.0298,-0.0154,-0.0257,0.1568,0.0538,-0.0466,-0.0061,0.083,-0.0157,-0.1913,0.0152,-0.0036,-0.0223,0.0242,-0.0601,-0.0315,-0.0951,0.1,0.0603,0.0685,-0.0149,0.0089,0.0151,-0.128,-0.0254,0.0327,0.1364,-0.0189,0.0155,0.0115,-0.0024,0.0337,0.0683,0.2626,-0.2582,0.2901,0.3975,0.2517,-0.4415,-0.1333,0.9466,0.5798,-0.4136,0.2783,-0.4156,-0.0444,-0.0771,0.0226,-0.3906,-0.2745,-0.3395,-0.1762,-0.4277,0.0298,-0.051,-0.0334,0.3878,-0.024,-0.1205,-0.5228,0.0388,-0.0605,-0.026,-1.0,-1.0,-1.0,-1.0,-1.0,-1.0,-1.0,-1.0,-1.0,-1.0,-1.0,-1.0,-1.0,-1.0,-1.0,-1.0,-1.0,-1.0,-1.0,-1.0,-1.0,-1.0,-1.0,-1.0,-1.0,-1.0,-1.0,-1.0,-1.0,-1.0,-1.0,-1.0,-1.0,-1.0,-1.0,-1.0,-1.0,-1.0,-1.0,-1.0,-1.0,-1.0,-1.0,-1.0,-1.0,-1.0,-1.0,-1.0,-1.0,-1.0,-1.0,-1.0,-1.0,-1.0,-1.0,-1.0,-1.0,-1.0,-1.0,-1.0,-1.0,-1.0,-1.0,0.1235561524697683,-5.685245955316629,0.7540387566950906
140,0.28,0.3341214765896448,-0.5409597482203266,1.4736358725911658,0.1235561524697683,-5.685245955316629,-1.97314124330491,0.06177166380587795,0.1822,-0.0196,1.0335,0.9991,0.0301,-0.0156,-0.0253,0.1575,0.0543,-0.0475,-0.0063,0.0849,-0.0145,-0.1922,0.0158,-0.0044,-0.0224,0.024,-0.0607,-0.0323,-0.0956,0.0993,0.0599,0.0677,-0.0148,0.0088,0.0151,-0.1272,-0.0255,0.0324,0.1354,-0.0189,0.0154,0.0114,-0.0031,0.0364,0.0633,0.2741,-0.2432,0.3189,0.3971,0.2289,-0.464,-0.1313,0.9401,0.5834,-0.4344,0.2679,-0.4146,-0.0597,-0.0784,-0.2659,-0.3857,-0.2412,-0.3556,-0.1844,-0.4197,0.0295,-0.0506,-0.0334,0.3996,-0.0402,-0.1283,-0.5292,0.0383,-0.0594,-0.0261,-1.0,-1.0,-1.0,-1.0,-1.0,-1.0,-1.0,-1.0,-1.0,-1.0,-1.0,-1.0,-1.0,-1.0,-1.0,-1.0,-1.0,-1.0,-1.0,-1.0,-1.0,-1.0,-1.0,-1.0,-1.0,-1.0,-1.0,-1.0,-1.0,-1.0,-1.0,-1.0,-1.0,-1.0,-1.0,-1.0,-1.0,-1.0,-1.0,-1.0,-1.0,-1.0,-1.0,-1.0,-1.0,-1.0,-1.0,-1.0,-1.0,-1.0,-1.0,-1.0,-1.0,-1.0,-1.0,-1.0,-1.0,-1.0,-1.0,-1.0,-1.0,-1.0,-1.0,0.1235561524697683,-5.685245955316629,0.7540387566950906
141,0.282,0.3343685888945843,-0.5523302401309598,1.4696699701045561,0.1235561524697683,-5.685245955316629,-1.9927612433049098,0.06177166380587795,0.1822,-0.0196,1.0336,0.9991,0.0304,-0.0159,-0.025,0.1584,0.0547,-0.0485,-0.0066,0.0867,-0.0134,-0.1933,0.0162,-0.0053,-0.0225,0.0245,-0.0611,-0.033,-0.096,0.0986,0.0595,0.0668,-0.0148,0.0087,0.015,-0.1264,-0.0256,0.0321,0.1343,-0.0188,0.0153,0.0114,-0.003,0.0394,0.0544,0.2944,-0.2338,0.332,0.4032,0.2191,-0.4947,-0.1278,0.9129,0.5846,-0.5572,0.205,-0.4539,-0.0242,0.2201,-0.2287,-0.3697,-0.2084,-0.3662,-0.1926,-0.4137,0.029,-0.0502,-0.0334,0.4055,-0.0521,-0.1363,-0.5418,0.0377,-0.0585,-0.0261,-1.0,-1.0,-1.0,-1.0,-1.0,-1.0,-1.0,-1.0,-1.0,-1.0,-1.0,-1.0,-1.0,-1.0,-1.0,-1.0,-1.0,-1.0,-1.0,-1.0,-1.0,-1.0,-1.0,-1.0,-1.0,-1.0,-1.0,-1.0,-1.0,-1.0,-1.0,-1.0,-1.0,-1.0,-1.0,-1.0,-1.0,-1.0,-1.0,-1.0,-1.0,-1.0,-1.0,-1.0,-1.0,-1.0,-1.0,-1.0,-1.0,-1.0,-1.0,-1.0,-1.0,-1.0,-1.0,-1.0,-1.0,-1.0,-1.0,-1.0,-1.0,-1.0,-1.0,0.1235561524697683,-5.685245955316629,0.7540387566950906
142,0.284,0.3346157011995239,-0.5637007320415932,1.4656648276179463,0.1235561524697683,-5.685245955316629,-2.01238124330491,0.06177166380587795,0.1822,-0.0195,1.0337,0.9991,0.0306,-0.0161,-0.0247,0.1591,0.0551,-0.0495,-0.0068,0.0885,-0.0122,-0.1944,0.0166,-0.0062,-0.0226,0.0248,-0.061,-0.0337,-0.0963,0.0978,0.0591,0.066,-0.0147,0.0086,0.0149,-0.1256,-0.0257,0.0319,0.1332,-0.0187,0.0152,0.0113,-0.0045,0.0402,0.0538,0.2904,-0.2152,0.3648,0.3871,0.1834,-0.496,-0.1155,0.9096,0.5803,-0.5596,0.2068,-0.456,-0.0492,0.1446,0.0489,-0.37,-0.1795,-0.3868,-0.1997,-0.4057,0.0287,-0.0497,-0.0334,0.424,-0.0714,-0.1425,-0.539,0.0373,-0.0572,-0.0261,-1.0,-1.0,-1.0,-1.0,-1.0,-1.0,-1.0,-1.0,-1.0,-1.0,-1.0,-1.0,-1.0,-1.0,-1.0,-1.0,-1.0,-1.0,-1.0,-1.0,-1.0,-1.0,-1.0,-1.0,-1.0,-1.0,-1.0,-1.0,-1.0,-1.0,-1.0,-1.0,-1.0,-1.0,-1.0,-1.0,-1.0,-1.0,-1.0,-1.0,-1.0,-1.0,-1.0,-1.0,-1.0,-1.0,-1.0,-1.0,-1.0,-1.0,-1.0,-1.0,-1.0,-1.0,-1.0,-1.0,-1.0,-1.0,-1.0,-1.0,-1.0,-1.0,-1.0,0.1235561524697683,-5.685245955316629,0.7540387566950906
143,0.286,0.3348628135044634,-0.5750712239522264,1.4616204451313366,0.1235561524697683,-5.685245955316629,-2.0320012433049097,0.06177166380587795,0.1822,-0.0194,1.0338,0.9991,0.0309,-0.0163,-0.0243,0.1599,0.0554,-0.0505,-0.007,0.0904,-0.011,-0.1955,0.017,-0.0072,-0.0227,0.0249,-0.0604,-0.0345,-0.0967,0.097,0.0587,0.0652,-0.0146,0.0085,0.0149,-0.1247,-0.0259,0.0315,0.1321,-0.0186,0.015,0.0113,-0.0056,0.0412,0.0526,0.2848,-0.2005,0.3969,0.3898,0.1568,-0.4966,-0.1117,0.906,0.5867,-0.5619,0.2099,-0.4571,-0.0679,0.0794,0.2952,-0.3809,-0.1526,-0.4119,-0.2105,-0.3958,0.0284,-0.0492,-0.0335,0.4396,-0.0944,-0.1522,-0.5421,0.0369,-0.0566,-0.0262,-1.0,-1.0,-1.0,-1.0,-1.0,-1.0,-1.0,-1.0,-1.0,-1.0,-1.0,-1.0,-1.0,-1.0,-1.0,-1.0,-1.0,-1.0,-1.0,-1.0,-1.0,-1.0,-1.0,-1.0,-1.0,-1.0,-1.0,-1.0,-1.0,-1.0,-1.0,-1.0,-1.0,-1.0,-1.0,-1.0,-1.0,-1.0,-1.0,-1.0,-1.0,-1.0,-1.0,-1.0,-1.0,-1.0,-1.0,-1.0,-1.0,-1.0,-1.0,-1.0,-1.0,-1.0,-1.0,-1.0,-1.0,-1.0,-1.0,-1.0,-1.0,-1.0,-1.0,0.1235561524697683,-5.685245955316629,0.7540387566950906
144,0.288,0.33510992580940296,-0.5864417158628596,1.4575368226447267,0.1235561524697683,-5.685245955316629,-2.05162124330491,0.06177166380587795,0.1821,-0.0193,1.0339,0.9991,0.0312,-0.0165,-0.0238,0.1607,0.0557,-0.0514,-0.0073,0.0921,-0.0099,-0.1967,0.0174,-0.0081,-0.0229,0.025,-0.0594,-0.0353,-0.0969,0.0961,0.0583,0.0645,-0.0146,0.0085,0.0148,-0.1238,-0.0261,0.0312,0.131,-0.0186,0.0149,0.0112,-0.0068,0.0419,0.051,0.2783,-0.1852,0.43,0.3859,0.1282,-0.4953,-0.105,0.8957,0.5881,-0.569,0.2106,-0.4555,-0.0854,0.027,0.5076,-0.3925,-0.1272,-0.4366,-0.2209,-0.3866,0.0281,-0.0486,-0.0336,0.4568,-0.1169,-0.1614,-0.5442,0.0364,-0.0558,-0.0263,-1.0,-1.0,-1.0,-1.0,-1.0,-1.0,-1.0,-1.0,-1.0,-1.0,-1.0,-1.0,-1.0,-1.0,-1.0,-1.0,-1.0,-1.0,-1.0,-1.0,-1.0,-1.0,-1.0,-1.0,-1.0,-1.0,-1.0,-1.0,-1.0,-1.0,-1.0,-1.0,-1.0,-1.0,-1.0,-1.0,-1.0,-1.0,-1.0,-1.0,-1.0,-1.0,-1.0,-1.0,-1.0,-1.0,-1.0,-1.0,-1.0,-1.0,-1.0,-1.0,-1.0,-1.0,-1.0,-1.0,-1.0,-1.0,-1.0,-1.0,-1.0,-1.0,-1.0,0.1235561524697683,-5.685245955316629,0.7540387566950906
145,0.29,0.3353570381143425,-0.5978122077734929,1.4534139601581169,0.1235561524697683,-5.685245955316629,-2.07124124330491,0.06177166380587795,0.1821,-0.0192,1.034,0.9991,0.0314,-0.0167,-0.0234,0.1614,0.0559,-0.0524,-0.0074,0.0939,-0.0087,-0.1978,0.0179,-0.0089,-0.0231,0.0249,-0.0582,-0.0361,-0.0971,0.0952,0.0578,0.0637,-0.0145,0.0084,0.0147,-0.1228,-0.0264,0.0309,0.13,-0.0185,0.0148,0.0112,-0.0082,0.0419,0.0514,0.2641,-0.168,0.465,0.3719,0.0933,-0.4838,-0.094,0.8868,0.5819,-0.5786,0.2139,-0.4379,-0.1076,-0.0368,0.5908,-0.4042,-0.103,-0.4637,-0.2303,-0.377,0.0279,-0.0478,-0.0337,0.4797,-0.1407,-0.1692,-0.5395,0.0361,-0.0546,-0.0264,-1.0,-1.0,-1.0,-1.0,-1.0,-1.0,-1.0,-1.0,-1.0,-1.0,-1.0,-1.0,-1.0,-1.0,-1.0,-1.0,-1.0,-1.0,-1.0,-1.0,-1.0,-1.0,-1.0,-1.0,-1.0,-1.0,-1.0,-1.0,-1.0,-1.0,-1.0,-1.0,-1.0,-1.0,-1.0,-1.0,-1.0,-1.0,-1.0,-1.0,-1.0,-1.0,-1.0,-1.0,-1.0,-1.0,-1.0,-1.0,-1.0,-1.0,-1.0,-1.0,-1.0,-1.0,-1.0,-1.0,-1.0,-1.0,-1.0,-1.0,-1.0,-1.0,-1.0,0.1235561524697683,-5.685245955316629,0.7540387566950906
146,0.292,0.33560415041928204,-0.6091826996841259,1.449251857671507,0.1235561524697683,-5.685245955316629,-2.0908612433049094,0.06177166380587795,0.1821,-0.0191,1.0341,0.9991,0.0317,-0.0169,-0.0229,0.1621,0.056,-0.0534,-0.0076,0.0957,-0.0075,-0.199,0.0183,-0.0098,-0.0233,0.0247,-0.0569,-0.0369,-0.0973,0.0942,0.0573,0.063,-0.0145,0.0083,0.0147,-0.1218,-0.0267,0.0305,0.1289,-0.0184,0.0147,0.0111,-0.0097,0.042,0.0514,0.2511,-0.1511,0.4997,0.3537,0.0576,-0.4732,-0.0793,0.873,0.5723,-0.589,0.2153,-0.4217,-0.1279,-0.088,0.6634,-0.4179,-0.0804,-0.4903,-0.2396,-0.368,0.0276,-0.047,-0.0337,0.5021,-0.1641,-0.1769,-0.5359,0.0357,-0.0534,-0.0265,-1.0,-1.0,-1.0,-1.0,-1.0,-1.0,-1.0,-1.0,-1.0,-1.0,-1.0,-1.0,-1.0,-1.0,-1.0,-1.0,-1.0,-1.0,-1.0,-1.0,-1.0,-1.0,-1.0,-1.0,-1.0,-1.0,-1.0,-1.0,-1.0,-1.0,-1.0,-1.0,-1.0,-1.0,-1.0,-1.0,-1.0,-1.0,-1.0,-1.0,-1.0,-1.0,-1.0,-1.0,-1.0,-1.0,-1.0,-1.0,-1.0,-1.0,-1.0,-1.0,-1.0,-1.0,-1.0,-1.0,-1.0,-1.0,-1.0,-1.0,-1.0,-1.0,-1.0,0.1235561524697683,-5.685245955316629,0.7540387566950906
147,0.294,0.33585126272422156,-0.6205531915947591,1.4450505151848971,0.1235561524697683,-5.685245955316629,-2.1104812433049096,0.06177166380587795,0.1821,-0.0191,1.0342,0.9991,0.0319,-0.0171,-0.0223,0.1628,0.056,-0.0543,-0.0077,0.0974,-0.0064,-0.2002,0.0187,-0.0106,-0.0236,0.0245,-0.0556,-0.0378,-0.0974,0.0932,0.0568,0.0622,-0.0144,0.0082,0.0146,-0.1208,-0.0271,0.0302,0.1278,-0.0184,0.0146,0.0111,-0.0112,0.0422,0.0525,0.236,-0.1348,0.5339,0.335,0.0205,-0.4602,-0.0612,0.8614,0.5619,-0.5971,0.2161,-0.3993,-0.1475,-0.1167,0.6396,-0.4353,-0.0594,-0.519,-0.2492,-0.3583,0.0273,-0.046,-0.0338,0.5241,-0.1892,-0.1848,-0.5312,0.0354,-0.0522,-0.0265,-1.0,-1.0,-1.0,-1.0,-1.0,-1.0,-1.0,-1.0,-1.0,-1.0,-1.0,-1.0,-1.0,-1.0,-1.0,-1.0,-1.0,-1.0,-1.0,-1.0,-1.0,-1.0,-1.0,-1.0,-1.0,-1.0,-1.0,-1.0,-1.0,-1.0,-1.0,-1.0,-1.0,-1.0,-1.0,-1.0,-1.0,-1.0,-1.0,-1.0,-1.0,-1.0,-1.0,-1.0,-1.0,-1.0,-1.0,-1.0,-1.0,-1.0,-1.0,-1.0,-1.0,-1.0,-1.0,-1.0,-1.0,-1.0,-1.0,-1.0,-1.0,-1.0,-1.0,0.1235561524697683,-5.685245955316629,0.7540387566950906
148,0.296,0.33609837502916107,-0.6319236835053923,1.4408099326982875,0.1235561524697683,-5.685245955316629,-2.1301012433049094,0.06177166380587795,0.1821,-0.019,1.0343,0.9991,0.0321,-0.0172,-0.0218,0.1635,0.056,-0.0552,-0.0078,0.0991,-0.0053,-0.2014,0.0191,-0.0113,-0.0239,0.0244,-0.0547,-0.0387,-0.0975,0.0921,0.0563,0.0616,-0.0144,0.0081,0.0145,-0.1197,-0.0276,0.0298,0.1268,-0.0183,0.0145,0.011,-0.0126,0.0429,0.0553,0.2192,-0.1216,0.5648,0.3487,-0.0213,-0.4488,-0.0327,0.8585,0.573,-0.6053,0.2111,-0.3687,-0.1585,-0.0733,0.467,-0.4548,-0.042,-0.5527,-0.2599,-0.3446,0.0271,-0.0451,-0.0339,0.5391,-0.2194,-0.1942,-0.5257,0.0351,-0.0517,-0.0267,-1.0,-1.0,-1.0,-1.0,-1.0,-1.0,-1.0,-1.0,-1.0,-1.0,-1.0,-1.0,-1.0,-1.0,-1.0,-1.0,-1.0,-1.0,-1.0,-1.0,-1.0,-1.0,-1.0,-1.0,-1.0,-1.0,-1.0,-1.0,-1.0,-1.0,-1.0,-1.0,-1.0,-1.0,-1.0,-1.0,-1.0,-1.0,-1.0,-1.0,-1.0,-1.0,-1.0,-1.0,-1.0,-1.0,-1.0,-1.0,-1.0,-1.0,-1.0,-1.0,-1.0,-1.0,-1.0,-1.0,-1.0,-1.0,-1.0,-1.0,-1.0,-1.0,-1.0,0.1235561524697683,-5.685245955316629,0.7540387566950906
149,0.298,0.33634548733410063,-0.6432941754160257,1.4365301102116776,0.1235561524697683,-5.685245955316629,-2.1497212433049095,0.06177166380587795,0.182,-0.0189,1.0345,0.9991,0.0323,-0.0173,-0.0212,0.1642,0.0558,-0.0561,-0.0078,0.1008,-0.0041,-0.2026,0.0196,-0.012,-0.0243,0.0243,-0.0541,-0.0397,-0.0975,0.0909,0.0558,0.0609,-0.0143,0.008,0.0145,-0.1186,-0.0281,0.0294,0.1257,-0.0182,0.0144,0.011,-0.0141,0.0435,0.0571,0.2033,-0.1087,0.5956,0.3532,-0.0622,-0.4372,-0.0035,0.8486,0.5765,-0.6137,0.2056,-0.3404,-0.1681,-0.0359,0.3201,-0.4764,-0.0265,-0.5845,-0.2703,-0.3323,0.0269,-0.0441,-0.034,0.5544,-0.248,-0.2032,-0.5209,0.0349,-0.0511,-0.0268,-1.0,-1.0,-1.0,-1.0,-1.0,-1.0,-1.0,-1.0,-1.0,-1.0,-1.0,-1.0,-1.0,-1.0,-1.0,-1.0,-1.0,-1.0,-1.0,-1.0,-1.0,-1.0,-1.0,-1.0,-1.0,-1.0,-1.0,-1.0,-1.0,-1.0,-1.0,-1.0,-1.0,-1.0,-1.0,-1.0,-1.0,-1.0,-1.0,-1.0,-1.0,-1.0,-1.0,-1.0,-1.0,-1.0,-1.0,-1.0,-1.0,-1.0,-1.0,-1.0,-1.0,-1.0,-1.0,-1.0,-1.0,-1.0,-1.0,-1.0,-1.0,-1.0,-1.0,0.1235561524697683,-5.685245955316629,0.7540387566950906
150,0.3,0.33659259963904015,-0.654664667326659,1.432211047725068,0.1235561524697683,-5.685245955316629,-2.1693412433049093,0.06177166380587795,0.182,-0.0188,1.0346,0.9991,0.0325,-0.0175,-0.0205,0.1649,0.0556,-0.0569,-0.0077,0.1025,-0.003,-0.2039,0.0199,-0.0126,-0.0246,0.0243,-0.0537,-0.0407,-0.0976,0.0897,0.0552,0.0602,-0.0143,0.0079,0.0144,-0.1175,-0.0286,0.0289,0.1247,-0.0182,0.0143,0.0109,-0.0157,0.0439,0.0579,0.1876,-0.0956,0.6262,0.3459,-0.1028,-0.4238,0.0271,0.831,0.5709,-0.6221,0.1997,-0.3129,-0.1765,-0.0038,0.1952,-0.4993,-0.0132,-0.6145,-0.2799,-0.3218,0.0267,-0.043,-0.0341,0.5709,-0.2745,-0.2113,-0.5156,0.0346,-0.0502,-0.0269,-1.0,-1.0,-1.0,-1.0,-1.0,-1.0,-1.0,-1.0,-1.0,-1.0,-1.0,-1.0,-1.0,-1.0,-1.0,-1.0,-1.0,-1.0,-1.0,-1.0,-1.0,-1.0,-1.0,-1.0,-1.0,-1.0,-1.0,-1.0,-1.0,-1.0,-1.0,-1.0,-1.0,-1.0,-1.0,-1.0,-1.0,-1.0,-1.0,-1.0,-1.0,-1.0,-1.0,-1.0,-1.0,-1.0,-1.0,-1.0,-1.0,-1.0,-1.0,-1.0,-1.0,-1.0,-1.0,-1.0,-1.0,-1.0,-1.0,-1.0,-1.0,-1.0,-1.0,0.1235561524697683,-5.685245955316629,0.7540387566950906
151,0.302,0.3368397119439797,-0.6660351592372922,1.4278527452384577,0.1235561524697683,-5.685245955316629,-2.1889612433049095,0.06177166380587795,0.182,-0.0187,1.0347,0.9991,0.0326,-0.0176,-0.0199,0.1656,0.0554,-0.0578,-0.0076,0.104,-0.0019,-0.2051,0.0203,-0.0132,-0.025,0.0243,-0.0539,-0.0417,-0.0976,0.0884,0.0546,0.0596,-0.0142,0.0078,0.0143,-0.1163,-0.0292,0.0285,0.1236,-0.0181,0.0142,0.0109,-0.0172,0.0457,0.0522,0.1887,-0.0855,0.6568,0.3352,-0.1343,-0.4308,0.0575,0.7896,0.5627,-0.6144,0.1944,-0.3023,-0.1759,-0.0109,-0.0943,-0.5274,-0.0031,-0.6374,-0.2909,-0.3146,0.0264,-0.0419,-0.0342,0.578,-0.2961,-0.2214,-0.5247,0.0341,-0.0497,-0.027,-1.0,-1.0,-1.0,-1.0,-1.0,-1.0,-1.0,-1.0,-1.0,-1.0,-1.0,-1.0,-1.0,-1.0,-1.0,-1.0,-1.0,-1.0,-1.0,-1.0,-1.0,-1.0,-1.0,-1.0,-1.0,-1.0,-1.0,-1.0,-1.0,-1.0,-1.0,-1.0,-1.0,-1.0,-1.0,-1.0,-1.0,-1.0,-1.0,-1.0,-1.0,-1.0,-1.0,-1.0,-1.0,-1.0,-1.0,-1.0,-1.0,-1.0,-1.0,-1.0,-1.0,-1.0,-1.0,-1.0,-1.0,-1.0,-1.0,-1.0,-1.0,-1.0,-1.0,0.1235561524697683,-5.685245955316629,0.7540387566950906
152,0.304,0.3370868242489192,-0.6774056511479254,1.4234552027518481,0.1235561524697683,-5.685245955316629,-2.2085812433049097,0.06177166380587795,0.1819,-0.0186,1.0348,0.9991,0.0328,-0.0177,-0.0192,0.1662,0.055,-0.0586,-0.0074,0.1055,-0.0007,-0.2063,0.0207,-0.0138,-0.0253,0.0242,-0.0546,-0.0428,-0.0976,0.0871,0.054,0.059,-0.0142,0.0077,0.0143,-0.1151,-0.0298,0.028,0.1226,-0.018,0.0141,0.0108,-0.0188,0.0474,0.0463,0.1887,-0.0766,0.6855,0.3231,-0.1651,-0.4353,0.0907,0.7434,0.5533,-0.599,0.1892,-0.2921,-0.1717,-0.0153,-0.3643,-0.5576,0.004,-0.6614,-0.3019,-0.3076,0.026,-0.0408,-0.0343,0.5837,-0.3187,-0.2315,-0.5332,0.0336,-0.0493,-0.0271,-1.0,-1.0,-1.0,-1.0,-1.0,-1.0,-1.0,-1.0,-1.0,-1.0,-1.0,-1.0,-1.0,-1.0,-1.0,-1.0,-1.0,-1.0,-1.0,-1.0,-1.0,-1.0,-1.0,-1.0,-1.0,-1.0,-1.0,-1.0,-1.0,-1.0,-1.0,-1.0,-1.0,-1.0,-1.0,-1.0,-1.0,-1.0,-1.0,-1.0,-1.0,-1.0,-1.0,-1.0,-1.0,-1.0,-1.0,-1.0,-1.0,-1.0,-1.0,-1.0,-1.0,-1.0,-1.0,-1.0,-1.0,-1.0,-1.0,-1.0,-1.0,-1.0,-1.0,0.1235561524697683,-5.685245955316629,0.7540387566950906
153,0.306,0.3373339365538588,-0.6887761430585588,1.4190184202652383,0.1235561524697683,-5.685245955316629,-2.2282012433049094,0.06177166380587795,0.1819,-0.0185,1.0349,0.9991,0.033,-0.0178,-0.0185,0.1668,0.0547,-0.0595,-0.0071,0.1068,0.0002,-0.2074,0.0211,-0.0144,-0.0257,0.0242,-0.0558,-0.044,-0.0975,0.0857,0.0534,0.0584,-0.0141,0.0077,0.0142,-0.114,-0.0305,0.0276,0.1215,-0.018,0.014,0.0107,-0.0206,0.0494,0.0402,0.1883,-0.0704,0.6997,0.3056,-0.1958,-0.4337,0.1589,0.6562,0.4777,-0.5606,0.1858,-0.2838,-0.1673,-0.013,-0.6255,-0.5831,0.0086,-0.6878,-0.3153,-0.299,0.0257,-0.04,-0.0345,0.5796,-0.3444,-0.2446,-0.5475,0.0331,-0.0498,-0.0273,-1.0,-1.0,-1.0,-1.0,-1.0,-1.0,-1.0,-1.0,-1.0,-1.0,-1.0,-1.0,-1.0,-1.0,-1.0,-1.0,-1.0,-1.0,-1.0,-1.0,-1.0,-1.0,-1.0,-1.0,-1.0,-1.0,-1.0,-1.0,-1.0,-1.0,-1.0,-1.0,-1.0,-1.0,-1.0,-1.0,-1.0,-1.0,-1.0,-1.0,-1.0,-1.0,-1.0,-1.0,-1.0,-1.0,-1.0,-1.0,-1.0,-1.0,-1.0,-1.0,-1.0,-1.0,-1.0,-1.0,-1.0,-1.0,-1.0,-1.0,-1.0,-1.0,-1.0,0.1235561524697683,-5.685245955316629,0.7540387566950906
154,0.308,0.3375810488587983,-0.700146634969192,1.4145423977786284,0.1235561524697683,-5.685245955316629,-2.2478212433049096,0.06177166380587795,0.1818,-0.0184,1.0349,0.9991,0.0332,-0.0179,-0.0178,0.1674,0.0542,-0.0604,-0.0067,0.108,0.001,-0.2085,0.0215,-0.0149,-0.026,0.0242,-0.0576,-0.0452,-0.0975,0.0843,0.0527,0.0578,-0.0141,0.0076,0.0141,-0.1128,-0.0313,0.027,0.1204,-0.0179,0.0139,0.0107,-0.0224,0.0513,0.0342,0.1863,-0.0639,0.7153,0.2824,-0.2238,-0.4294,0.2145,0.5799,0.4016,-0.5159,0.1828,-0.2743,-0.1606,-0.0087,-0.8744,-0.6122,0.0114,-0.7139,-0.3282,-0.2912,0.0253,-0.039,-0.0346,0.5773,-0.3695,-0.257,-0.5602,0.0326,-0.05,-0.0275,-1.0,-1.0,-1.0,-1.0,-1.0,-1.0,-1.0,-1.0,-1.0,-1.0,-1.0,-1.0,-1.0,-1.0,-1.0,-1.0,-1.0,-1.0,-1.0,-1.0,-1.0,-1.0,-1.0,-1.0,-1.0,-1.0,-1.0,-1.0,-1.0,-1.0,-1.0,-1.0,-1.0,-1.0,-1.0,-1.0,-1.0,-1.0,-1.0,-1.0,-1.0,-1.0,-1.0,-1.0,-1.0,-1.0,-1.0,-1.0,-1.0,-1.0,-1.0,-1.0,-1.0,-1.0,-1.0,-1.0,-1.0,-1.0,-1.0,-1.0,-1.0,-1.0,-1.0,0.1235561524697683,-5.685245955316629,0.7540387566950906
155,0.31,0.3378281611637379,-0.7115171268798253,1.4100271352920188,0.1235561524697683,-5.685245955316629,-2.2674412433049094,0.06177166380587795,0.1818,-0.0183,1.035,0.9991,0.0333,-0.0179,-0.017,0.1679,0.0537,-0.0612,-0.0062,0.109,0.0017,-0.2091,0.0218,-0.0154,-0.0263,0.0248,-0.0591,-0.0465,-0.0975,0.0828,0.052,0.0572,-0.014,0.0075,0.014,-0.1117,-0.032,0.0265,0.1192,-0.0178,0.0138,0.0106,-0.0256,0.0527,0.0248,0.191,-0.0548,0.7499,0.2401,-0.2536,-0.4333,0.2591,0.5046,0.3205,-0.3379,0.1619,-0.2588,-0.1446,0.2927,-0.7641,-0.6602,0.0078,-0.7337,-0.3417,-0.2867,0.0249,-0.038,-0.0348,0.572,-0.3897,-0.2702,-0.5803,0.032,-0.0503,-0.0277,-1.0,-1.0,-1.0,-1.0,-1.0,-1.0,-1.0,-1.0,-1.0,-1.0,-1.0,-1.0,-1.0,-1.0,-1.0,-1.0,-1.0,-1.0,-1.0,-1.0,-1.0,-1.0,-1.0,-1.0,-1.0,-1.0,-1.0,-1.0,-1.0,-1.0,-1.0,-1.0,-1.0,-1.0,-1.0,-1.0,-1.0,-1.0,-1.0,-1.0,-1.0,-1.0,-1.0,-1.0,-1.0,-1.0,-1.0,-1.0,-1.0,-1.0,-1.0,-1.0,-1.0,-1.0,-1.0,-1.0,-1.0,-1.0,-1.0,-1.0,-1.0,-1.0,-1.0,0.1235561524697683,-5.685245955316629,0.7540387566950906
156,0.312,0.3380752734686774,-0.7228876187904585,1.405472632805409,0.1235561524697683,-5.685245955316629,-2.2870612433049096,0.06177166380587795,0.1817,-0.0182,1.035,0.9991,0.0335,-0.018,-0.0163,0.1683,0.0531,-0.062,-0.0056,0.1099,0.0021,-0.2098,0.0221,-0.0159,-0.0266,0.0252,-0.06,-0.0479,-0.0975,0.0813,0.0513,0.0567,-0.014,0.0074,0.014,-0.1105,-0.0329,0.0259,0.1181,-0.0178,0.0137,0.0106,-0.0276,0.0518,0.0248,0.1669,-0.0468,0.7579,0.2087,-0.2805,-0.398,0.2909,0.461,0.2401,-0.3492,0.1565,-0.2449,-0.1425,0.2215,-0.4545,-0.6836,0.0078,-0.764,-0.3512,-0.279,0.0247,-0.0368,-0.0349,0.582,-0.4162,-0.2782,-0.5739,0.0318,-0.0496,-0.0278,-1.0,-1.0,-1.0,-1.0,-1.0,-1.0,-1.0,-1.0,-1.0,-1.0,-1.0,-1.0,-1.0,-1.0,-1.0,-1.0,-1.0,-1.0,-1.0,-1.0,-1.0,-1.0,-1.0,-1.0,-1.0,-1.0,-1.0,-1.0,-1.0,-1.0,-1.0,-1.0,-1.0,-1.0,-1.0,-1.0,-1.0,-1.0,-1.0,-1.0,-1.0,-1.0,-1.0,-1.0,-1.0,-1.0,-1.0,-1.0,-1.0,-1.0,-1.0,-1.0,-1.0,-1.0,-1.0,-1.0,-1.0,-1.0,-1.0,-1.0,-1.0,-1.0,-1.0,0.1235561524697683,-5.685245955316629,0.7540387566950906
157,0.314,0.33832238577361695,-0.7342581107010917,1.4008788903187992,0.1235561524697683,-5.685245955316629,-2.3066812433049098,0.06177166380587795,0.1817,-0.0181,1.0351,0.9992,0.0336,-0.0181,-0.0155,0.1686,0.0525,-0.0627,-0.0049,0.1108,0.0025,-0.2105,0.0224,-0.0164,-0.0268,0.0255,-0.0604,-0.0493,-0.0975,0.0797,0.0506,0.0561,-0.0139,0.0074,0.0139,-0.1093,-0.0338,0.0254,0.1169,-0.0177,0.0136,0.0105,-0.0296,0.0507,0.024,0.1429,-0.0403,0.764,0.1766,-0.3077,-0.3617,0.326,0.4129,0.1611,-0.3481,0.1488,-0.2284,-0.1303,0.1563,-0.1847,-0.708,0.0049,-0.7954,-0.3604,-0.2712,0.0245,-0.0357,-0.035,0.5899,-0.4437,-0.2861,-0.5662,0.0316,-0.049,-0.0279,-1.0,-1.0,-1.0,-1.0,-1.0,-1.0,-1.0,-1.0,-1.0,-1.0,-1.0,-1.0,-1.0,-1.0,-1.0,-1.0,-1.0,-1.0,-1.0,-1.0,-1.0,-1.0,-1.0,-1.0,-1.0,-1.0,-1.0,-1.0,-1.0,-1.0,-1.0,-1.0,-1.0,-1.0,-1.0,-1.0,-1.0,-1.0,-1.0,-1.0,-1.0,-1.0,-1.0,-1.0,-1.0,-1.0,-1.0,-1.0,-1.0,-1.0,-1.0,-1.0,-1.0,-1.0,-1.0,-1.0,-1.0,-1.0,-1.0,-1.0,-1.0,-1.0,-1.0,0.1235561524697683,-5.685245955316629,0.7540387566950906
158,0.316,0.33856949807855646,-0.7456286026117251,1.3962459078321894,0.1235561524697683,-5.685245955316629,-2.3263012433049095,0.06177166380587795,0.1816,-0.018,1.0351,0.9992,0.0337,-0.0181,-0.0148,0.1689,0.0518,-0.0634,-0.0042,0.1115,0.0026,-0.2112,0.0227,-0.0168,-0.027,0.0257,-0.0603,-0.0508,-0.0975,0.078,0.0499,0.0556,-0.0139,0.0073,0.0138,-0.1082,-0.0347,0.0248,0.1158,-0.0176,0.0135,0.0105,-0.0321,0.0495,0.0228,0.1166,-0.0367,0.758,0.1496,-0.3428,-0.3201,0.3899,0.3478,0.0639,-0.3206,0.1361,-0.2063,-0.1015,0.0933,0.0292,-0.7263,-0.004,-0.8289,-0.3685,-0.2621,0.0245,-0.0348,-0.0351,0.5858,-0.4738,-0.2938,-0.5564,0.0315,-0.0488,-0.028,-1.0,-1.0,-1.0,-1.0,-1.0,-1.0,-1.0,-1.0,-1.0,-1.0,-1.0,-1.0,-1.0,-1.0,-1.0,-1.0,-1.0,-1.0,-1.0,-1.0,-1.0,-1.0,-1.0,-1.0,-1.0,-1.0,-1.0,-1.0,-1.0,-1.0,-1.0,-1.0,-1.0,-1.0,-1.0,-1.0,-1.0,-1.0,-1.0,-1.0,-1.0,-1.0,-1.0,-1.0,-1.0,-1.0,-1.0,-1.0,-1.0,-1.0,-1.0,-1.0,-1.0,-1.0,-1.0,-1.0,-1.0,-1.0,-1.0,-1.0,-1.0,-1.0,-1.0,0.1235561524697683,-5.685245955316629,0.7540387566950906
159,0.318,0.338816610383496,-0.7569990945223584,1.3915736853455793,0.1235561524697683,-5.685245955316629,-2.3459212433049097,0.06177166380587795,0.1815,-0.0179,1.0352,0.9992,0.0338,-0.0182,-0.014,0.1692,0.0511,-0.0639,-0.0033,0.112,0.0025,-0.2117,0.0229,-0.0172,-0.0271,0.0258,-0.0599,-0.0523,-0.0975,0.0763,0.0491,0.0551,-0.0138,0.0072,0.0138,-0.107,-0.0357,0.0242,0.1147,-0.0176,0.0134,0.0104,-0.0346,0.048,0.0212,0.0885,-0.0338,0.7526,0.1225,-0.3747,-0.2763,0.444,0.2837,-0.0245,-0.2839,0.1219,-0.1805,-0.0657,0.0373,0.2134,-0.7484,-0.0144,-0.8611,-0.3758,-0.2538,0.0244,-0.0339,-0.0353,0.5828,-0.5021,-0.3006,-0.5449,0.0314,-0.0484,-0.0282,-1.0,-1.0,-1.0,-1.0,-1.0,-1.0,-1.0,-1.0,-1.0,-1.0,-1.0,-1.0,-1.0,-1.0,-1.0,-1.0,-1.0,-1.0,-1.0,-1.0,-1.0,-1.0,-1.0,-1.0,-1.0,-1.0,-1.0,-1.0,-1.0,-1.0,-1.0,-1.0,-1.0,-1.0,-1.0,-1.0,-1.0,-1.0,-1.0,-1.0,-1.0,-1.0,-1.0,-1.0,-1.0,-1.0,-1.0,-1.0,-1.0,-1.0,-1.0,-1.0,-1.0,-1.0,-1.0,-1.0,-1.0,-1.0,-1.0,-1.0,-1.0,-1.0,-1.0,0.1235561524697683,-5.685245955316629,0.7540387566950906
160,0.32,0.33906372268843554,-0.7683695864329916,1.3868622228589695,0.1235561524697683,-5.685245955316629,-2.3655412433049094,0.06177166380587795,0.1815,-0.0178,1.0352,0.9992,0.0338,-0.0183,-0.0133,0.1694,0.0503,-0.0644,-0.0023,0.1124,0.0025,-0.2122,0.0231,-0.0175,-0.0272,0.0258,-0.0592,-0.0538,-0.0976,0.0745,0.0484,0.0546,-0.0138,0.0072,0.0137,-0.1058,-0.0368,0.0236,0.1137,-0.0175,0.0133,0.0104,-0.037,0.046,0.019,0.0578,-0.032,0.7513,0.1167,-0.4045,-0.2365,0.4804,0.2145,0.0004,-0.243,0.1077,-0.1507,-0.0229,-0.014,0.3747,-0.7772,-0.0263,-0.8917,-0.3821,-0.2463,0.0244,-0.0329,-0.0354,0.5822,-0.5284,-0.306,-0.5309,0.0314,-0.0479,-0.0283,-1.0,-1.0,-1.0,-1.0,-1.0,-1.0,-1.0,-1.0,-1.0,-1.0,-1.0,-1.0,-1.0,-1.0,-1.0,-1.0,-1.0,-1.0,-1.0,-1.0,-1.0,-1.0,-1.0,-1.0,-1.0,-1.0,-1.0,-1.0,-1.0,-1.0,-1.0,-1.0,-1.0,-1.0,-1.0,-1.0,-1.0,-1.0,-1.0,-1.0,-1.0,-1.0,-1.0,-1.0,-1.0,-1.0,-1.0,-1.0,-1.0,-1.0,-1.0,-1.0,-1.0,-1.0,-1.0,-1.0,-1.0,-1.0,-1.0,-1.0,-1.0,-1.0,-1.0,0.1235561524697683,-5.685245955316629,0.7540387566950906
161,0.322,0.33931083499337505,-0.7797400783436248,1.3821115203723597,0.1235561524697683,-5.685245955316629,-2.3851612433049096,0.06177166380587795,0.1814,-0.0177,1.0352,0.9992,0.0338,-0.0183,-0.0125,0.1696,0.0494,-0.0648,-0.0013,0.1127,0.0026,-0.2126,0.0233,-0.0177,-0.0272,0.0257,-0.0581,-0.0554,-0.0976,0.0727,0.0476,0.0541,-0.0137,0.0071,0.0136,-0.1047,-0.0379,0.0229,0.1126,-0.0174,0.0132,0.0103,-0.0393,0.0438,0.0168,0.0263,-0.0306,0.7514,0.1109,-0.4301,-0.1964,0.5099,0.1483,0.0293,-0.1954,0.0954,-0.1205,0.0194,-0.0519,0.5258,-0.8079,-0.0387,-0.9217,-0.3881,-0.239,0.0243,-0.0319,-0.0355,0.5827,-0.5537,-0.311,-0.5163,0.0314,-0.0473,-0.0284,-1.0,-1.0,-1.0,-1.0,-1.0,-1.0,-1.0,-1.0,-1.0,-1.0,-1.0,-1.0,-1.0,-1.0,-1.0,-1.0,-1.0,-1.0,-1.0,-1.0,-1.0,-1.0,-1.0,-1.0,-1.0,-1.0,-1.0,-1.0,-1.0,-1.0,-1.0,-1.0,-1.0,-1.0,-1.0,-1.0,-1.0,-1.0,-1.0,-1.0,-1.0,-1.0,-1.0,-1.0,-1.0,-1.0,-1.0,-1.0,-1.0,-1.0,-1.0,-1.0,-1.0,-1.0,-1.0,-1.0,-1.0,-1.0,-1.0,-1.0,-1.0,-1.0,-1.0,0.1235561524697683,-5.685245955316629,0.7540387566950906
162,0.324,0.3395579472983146,-0.7911105702542582,1.37732157788575,0.1235561524697683,-5.685245955316629,-2.40478124330491,0.06177166380587795,0.1813,-0.0176,1.0353,0.9992,0.0338,-0.0184,-0.0118,0.1698,0.0485,-0.0651,-0.0002,0.1129,0.0027,-0.213,0.0235,-0.0179,-0.027,0.0254,-0.0569,-0.0571,-0.0977,0.0708,0.0468,0.0537,-0.0137,0.007,0.0136,-0.1035,-0.039,0.0223,0.1116,-0.0174,0.0131,0.0102,-0.0411,0.0418,0.0144,-0.0032,-0.0302,0.7459,0.106,-0.4491,-0.1586,0.5338,0.0841,0.0526,-0.1794,0.0863,-0.0884,0.0543,-0.118,0.6194,-0.833,-0.0499,-0.9513,-0.3942,-0.2313,0.0243,-0.031,-0.0355,0.5826,-0.5788,-0.3162,-0.5031,0.0313,-0.0468,-0.0285,-1.0,-1.0,-1.0,-1.0,-1.0,-1.0,-1.0,-1.0,-1.0,-1.0,-1.0,-1.0,-1.0,-1.0,-1.0,-1.0,-1.0,-1.0,-1.0,-1.0,-1.0,-1.0,-1.0,-1.0,-1.0,-1.0,-1.0,-1.0,-1.0,-1.0,-1.0,-1.0,-1.0,-1.0,-1.0,-1.0,-1.0,-1.0,-1.0,-1.0,-1.0,-1.0,-1.0,-1.0,-1.0,-1.0,-1.0,-1.0,-1.0,-1.0,-1.0,-1.0,-1.0,-1.0,-1.0,-1.0,-1.0,-1.0,-1.0,-1.0,-1.0,-1.0,-1.0,0.1235561524697683,-5.685245955316629,0.7540387566950906
163,0.326,0.33980505960325413,-0.8024810621648915,1.3724923953991401,0.1235561524697683,-5.685245955316629,-2.4244012433049096,0.06177166380587795,0.1812,-0.0176,1.0353,0.9992,0.0338,-0.0184,-0.011,0.17,0.0475,-0.0654,0.001,0.1129,0.0028,-0.2132,0.0236,-0.018,-0.0269,0.0251,-0.0554,-0.0588,-0.0979,0.0688,0.046,0.0532,-0.0136,0.007,0.0135,-0.1023,-0.0403,0.0217,0.1106,-0.0173,0.013,0.0102,-0.0442,0.0413,0.0129,-0.0251,-0.0239,0.74,0.0995,-0.4931,-0.1314,0.5943,0.0159,0.0547,-0.1205,0.0769,-0.066,0.0727,-0.1822,0.7359,-0.8625,-0.0638,-0.985,-0.4037,-0.2222,0.0242,-0.0302,-0.0357,0.5763,-0.6106,-0.3255,-0.4976,0.0312,-0.0471,-0.0286,-1.0,-1.0,-1.0,-1.0,-1.0,-1.0,-1.0,-1.0,-1.0,-1.0,-1.0,-1.0,-1.0,-1.0,-1.0,-1.0,-1.0,-1.0,-1.0,-1.0,-1.0,-1.0,-1.0,-1.0,-1.0,-1.0,-1.0,-1.0,-1.0,-1.0,-1.0,-1.0,-1.0,-1.0,-1.0,-1.0,-1.0,-1.0,-1.0,-1.0,-1.0,-1.0,-1.0,-1.0,-1.0,-1.0,-1.0,-1.0,-1.0,-1.0,-1.0,-1.0,-1.0,-1.0,-1.0,-1.0,-1.0,-1.0,-1.0,-1.0,-1.0,-1.0,-1.0,0.1235561524697683,-5.685245955316629,0.7540387566950906
164,0.328,0.3400521719081937,-0.8138515540755247,1.3676239729125304,0.1235561524697683,-5.685245955316629,-2.4440212433049098,0.06177166380587795,0.1811,-0.0175,1.0353,0.9992,0.0337,-0.0185,-0.0103,0.1702,0.0465,-0.0656,0.0022,0.1129,0.0029,-0.2133,0.0238,-0.0181,-0.0267,0.0245,-0.0539,-0.0606,-0.098,0.0668,0.0452,0.0528,-0.0136,0.0069,0.0134,-0.1012,-0.0415,0.021,0.1097,-0.0173,0.0129,0.0101,-0.0469,0.0402,0.0135,-0.0527,-0.0193,0.7295,0.0851,-0.526,-0.0948,0.6368,-0.0388,0.0482,-0.0591,0.0752,-0.0291,0.0916,-0.2687,0.7273,-0.8914,-0.0764,-1.0189,-0.4117,-0.2124,0.0242,-0.0294,-0.0358,0.5728,-0.6414,-0.3329,-0.4863,0.0312,-0.047,-0.0288,-1.0,-1.0,-1.0,-1.0,-1.0,-1.0,-1.0,-1.0,-1.0,-1.0,-1.0,-1.0,-1.0,-1.0,-1.0,-1.0,-1.0,-1.0,-1.0,-1.0,-1.0,-1.0,-1.0,-1.0,-1.0,-1.0,-1.0,-1.0,-1.0,-1.0,-1.0,-1.0,-1.0,-1.0,-1.0,-1.0,-1.0,-1.0,-1.0,-1.0,-1.0,-1.0,-1.0,-1.0,-1.0,-1.0,-1.0,-1.0,-1.0,-1.0,-1.0,-1.0,-1.0,-1.0,-1.0,-1.0,-1.0,-1.0,-1.0,-1.0,-1.0,-1.0,-1.0,0.1235561524697683,-5.685245955316629,0.7540387566950906
165,0.33,0.3402992842131332,-0.8252220459861579,1.3627163104259203,0.1235561524697683,-5.685245955316629,-2.4636412433049095,0.06177166380587795,0.181,-0.0174,1.0353,0.9992,0.0336,-0.0185,-0.0096,0.1703,0.0454,-0.0657,0.0035,0.1127,0.003,-0.2133,0.0239,-0.0181,-0.0265,0.024,-0.0527,-0.0625,-0.0982,0.0647,0.0443,0.0524,-0.0135,0.0069,0.0133,-0.1001,-0.0429,0.0203,0.1087,-0.0172,0.0128,0.0101,-0.0491,0.039,0.0164,-0.0859,-0.0165,0.7177,0.0613,-0.5454,-0.0491,0.6557,-0.0778,0.0332,0.0284,0.0756,0.0098,0.1238,-0.2727,0.6403,-0.9227,-0.0873,-1.0532,-0.4182,-0.2018,0.0243,-0.0284,-0.0359,0.5728,-0.6715,-0.3385,-0.4694,0.0312,-0.0466,-0.0289,-1.0,-1.0,-1.0,-1.0,-1.0,-1.0,-1.0,-1.0,-1.0,-1.0,-1.0,-1.0,-1.0,-1.0,-1.0,-1.0,-1.0,-1.0,-1.0,-1.0,-1.0,-1.0,-1.0,-1.0,-1.0,-1.0,-1.0,-1.0,-1.0,-1.0,-1.0,-1.0,-1.0,-1.0,-1.0,-1.0,-1.0,-1.0,-1.0,-1.0,-1.0,-1.0,-1.0,-1.0,-1.0,-1.0,-1.0,-1.0,-1.0,-1.0,-1.0,-1.0,-1.0,-1.0,-1.0,-1.0,-1.0,-1.0,-1.0,-1.0,-1.0,-1.0,-1.0,0.1235561524697683,-5.685245955316629,0.7540387566950906
166,0.332,0.3405463965180727,-0.8365925378967911,1.3577694079393106,0.1235561524697683,-5.685245955316629,-2.4832612433049097,0.06177166380587795,0.1809,-0.0173,1.0354,0.9992,0.0335,-0.0185,-0.0089,0.1704,0.0443,-0.0657,0.0049,0.1125,0.003,-0.2131,0.0241,-0.0179,-0.0261,0.0235,-0.0518,-0.0644,-0.0984,0.0625,0.0435,0.052,-0.0135,0.0068,0.0133,-0.0989,-0.0443,0.0196,0.1078,-0.0171,0.0128,0.01,-0.0507,0.0376,0.0196,-0.1189,-0.0163,0.6972,0.0385,-0.5515,-0.0014,0.6569,-0.1115,0.0172,0.0893,0.0672,0.0602,0.1661,-0.2272,0.4314,-0.9488,-0.0966,-1.0843,-0.4236,-0.191,0.0244,-0.0274,-0.036,0.5719,-0.6983,-0.3429,-0.4517,0.0313,-0.046,-0.029,-1.0,-1.0,-1.0,-1.0,-1.0,-1.0,-1.0,-1.0,-1.0,-1.0,-1.0,-1.0,-1.0,-1.0,-1.0,-1.0,-1.0,-1.0,-1.0,-1.0,-1.0,-1.0,-1.0,-1.0,-1.0,-1.0,-1.0,-1.0,-1.0,-1.0,-1.0,-1.0,-1.0,-1.0,-1.0,-1.0,-1.0,-1.0,-1.0,-1.0,-1.0,-1.0,-1.0,-1.0,-1.0,-1.0,-1.0,-1.0,-1.0,-1.0,-1.0,-1.0,-1.0,-1.0,-1.0,-1.0,-1.0,-1.0,-1.0,-1.0,-1.0,-1.0,-1.0,0.1235561524697683,-5.685245955316629,0.7540387566950906
167,0.334,0.3407935088230123,-0.8479630298074246,1.3527832654527008,0.1235561524697683,-5.685245955316629,-2.50288124330491,0.06177166380587795,0.1808,-0.0172,1.0354,0.9992,0.0333,-0.0186,-0.0082,0.1704,0.0432,-0.0656,0.0062,0.1122,0.003,-0.2126,0.0242,-0.0178,-0.0257,0.0231,-0.052,-0.0664,-0.0986,0.0603,0.0426,0.0517,-0.0134,0.0067,0.0132,-0.0978,-0.0457,0.0189,0.1069,-0.0171,0.0127,0.01,-0.0529,0.0383,0.0204,-0.1402,-0.0145,0.6979,0.0038,-0.5627,0.0282,0.6632,-0.1474,0.006,0.2672,0.0836,0.0858,0.2263,-0.2086,-0.0821,-0.9943,-0.1101,-1.1133,-0.4302,-0.1808,0.0243,-0.0263,-0.0361,0.5659,-0.7246,-0.3491,-0.4434,0.0313,-0.0459,-0.0291,-1.0,-1.0,-1.0,-1.0,-1.0,-1.0,-1.0,-1.0,-1.0,-1.0,-1.0,-1.0,-1.0,-1.0,-1.0,-1.0,-1.0,-1.0,-1.0,-1.0,-1.0,-1.0,-1.0,-1.0,-1.0,-1.0,-1.0,-1.0,-1.0,-1.0,-1.0,-1.0,-1.0,-1.0,-1.0,-1.0,-1.0,-1.0,-1.0,-1.0,-1.0,-1.0,-1.0,-1.0,-1.0,-1.0,-1.0,-1.0,-1.0,-1.0,-1.0,-1.0,-1.0,-1.0,-1.0,-1.0,-1.0,-1.0,-1.0,-1.0,-1.0,-1.0,-1.0,0.1235561524697683,-5.685245955316629,0.7540387566950906
168,0.336,0.34104062112795186,-0.8593335217180578,1.347757882966091,0.1235561524697683,-5.685245955316629,-2.5225012433049097,0.06177166380587795,0.1807,-0.0172,1.0355,0.9992,0.0332,-0.0186,-0.0075,0.1704,0.042,-0.0655,0.0076,0.1118,0.003,-0.2117,0.0244,-0.0175,-0.0251,0.0227,-0.0531,-0.0684,-0.0989,0.058,0.0418,0.0513,-0.0134,0.0067,0.0131,-0.0967,-0.0472,0.0182,0.1061,-0.017,0.0126,0.0099,-0.056,0.0385,0.0215,-0.1667,-0.012,0.715,-0.0359,-0.6051,0.0625,0.719,-0.206,0.0139,0.4293,0.092,0.1186,0.3089,-0.214,-0.5441,-1.0462,-0.1334,-1.1486,-0.4377,-0.1696,0.0244,-0.0257,-0.0362,0.5533,-0.7574,-0.3568,-0.4315,0.0313,-0.0462,-0.0292,-1.0,-1.0,-1.0,-1.0,-1.0,-1.0,-1.0,-1.0,-1.0,-1.0,-1.0,-1.0,-1.0,-1.0,-1.0,-1.0,-1.0,-1.0,-1.0,-1.0,-1.0,-1.0,-1.0,-1.0,-1.0,-1.0,-1.0,-1.0,-1.0,-1.0,-1.0,-1.0,-1.0,-1.0,-1.0,-1.0,-1.0,-1.0,-1.0,-1.0,-1.0,-1.0,-1.0,-1.0,-1.0,-1.0,-1.0,-1.0,-1.0,-1.0,-1.0,-1.0,-1.0,-1.0,-1.0,-1.0,-1.0,-1.0,-1.0,-1.0,-1.0,-1.0,-1.0,0.1235561524697683,-5.685245955316629,0.7540387566950906
169,0.338,0.34128773343289137,-0.870704013628691,1.3426932604794812,0.1235561524697683,-5.685245955316629,-2.54212124330491,0.06177166380587795,0.1806,-0.0171,1.0355,0.9993,0.0329,-0.0187,-0.0068,0.1702,0.0407,-0.0653,0.0091,0.1113,0.0031,-0.2108,0.0246,-0.0172,-0.0243,0.0223,-0.0543,-0.0706,-0.0992,0.0556,0.0409,0.051,-0.0133,0.0066,0.0131,-0.0956,-0.0488,0.0175,0.1052,-0.0169,0.0125,0.0098,-0.0585,0.0366,0.0248,-0.2027,-0.0126,0.7081,-0.0666,-0.6365,0.1126,0.7633,-0.2554,0.0217,0.4651,0.0657,0.1729,0.3641,-0.1719,-0.6025,-1.0762,-0.1549,-1.1813,-0.4429,-0.1588,0.0245,-0.0249,-0.0363,0.5416,-0.7869,-0.3618,-0.4122,0.0314,-0.046,-0.0294,-1.0,-1.0,-1.0,-1.0,-1.0,-1.0,-1.0,-1.0,-1.0,-1.0,-1.0,-1.0,-1.0,-1.0,-1.0,-1.0,-1.0,-1.0,-1.0,-1.0,-1.0,-1.0,-1.0,-1.0,-1.0,-1.0,-1.0,-1.0,-1.0,-1.0,-1.0,-1.0,-1.0,-1.0,-1.0,-1.0,-1.0,-1.0,-1.0,-1.0,-1.0,-1.0,-1.0,-1.0,-1.0,-1.0,-1.0,-1.0,-1.0,-1.0,-1.0,-1.0,-1.0,-1.0,-1.0,-1.0,-1.0,-1.0,-1.0,-1.0,-1.0,-1.0,-1.0,0.1235561524697683,-5.685245955316629,0.7540387566950906
170,0.34,0.3415348457378309,-0.8820745055393242,1.3375893979928715,0.1235561524697683,-5.685245955316629,-2.5617412433049096,0.06177166380587795,0.1805,-0.017,1.0356,0.9993,0.0327,-0.0187,-0.0061,0.17,0.0394,-0.0649,0.0107,0.1107,0.0032,-0.2097,0.0247,-0.0167,-0.0235,0.022,-0.0554,-0.0728,-0.0995,0.0532,0.04,0.0507,-0.0133,0.0066,0.013,-0.0945,-0.0504,0.0168,0.1044,-0.0169,0.0124,0.0098,-0.0611,0.0348,0.0276,-0.2378,-0.0133,0.7073,-0.1038,-0.6645,0.1601,0.801,-0.2985,0.0306,0.5398,0.0503,0.2162,0.412,-0.1721,-0.575,-1.1114,-0.1773,-1.2121,-0.4481,-0.1487,0.0246,-0.024,-0.0364,0.5289,-0.8147,-0.3668,-0.395,0.0315,-0.0456,-0.0295,-1.0,-1.0,-1.0,-1.0,-1.0,-1.0,-1.0,-1.0,-1.0,-1.0,-1.0,-1.0,-1.0,-1.0,-1.0,-1.0,-1.0,-1.0,-1.0,-1.0,-1.0,-1.0,-1.0,-1.0,-1.0,-1.0,-1.0,-1.0,-1.0,-1.0,-1.0,-1.0,-1.0,-1.0,-1.0,-1.0,-1.0,-1.0,-1.0,-1.0,-1.0,-1.0,-1.0,-1.0,-1.0,-1.0,-1.0,-1.0,-1.0,-1.0,-1.0,-1.0,-1.0,-1.0,-1.0,-1.0,-1.0,-1.0,-1.0,-1.0,-1.0,-1.0,-1.0,0.1235561524697683,-5.685245955316629,0.7540387566950906
171,0.342,0.34178195804277045,-0.8934449974499576,1.3324462955062617,0.1235561524697683,-5.685245955316629,-2.58136124330491,0.06177166380587795,0.1803,-0.017,1.0356,0.9993,0.0324,-0.0187,-0.0054,0.1697,0.038,-0.0646,0.0124,0.11,0.0032,-0.2085,0.0247,-0.0163,-0.0226,0.0214,-0.0561,-0.0751,-0.0999,0.0507,0.0391,0.0504,-0.0132,0.0066,0.0129,-0.0935,-0.0521,0.016,0.1037,-0.0168,0.0123,0.0097,-0.0634,0.0334,0.027,-0.2639,-0.0156,0.6973,-0.1379,-0.6804,0.1963,0.8294,-0.3408,0.0396,0.5814,0.0375,0.2436,0.4449,-0.281,-0.3503,-1.1386,-0.199,-1.2366,-0.4532,-0.1409,0.0246,-0.0232,-0.0365,0.5123,-0.8378,-0.3721,-0.3853,0.0315,-0.0454,-0.0296,-1.0,-1.0,-1.0,-1.0,-1.0,-1.0,-1.0,-1.0,-1.0,-1.0,-1.0,-1.0,-1.0,-1.0,-1.0,-1.0,-1.0,-1.0,-1.0,-1.0,-1.0,-1.0,-1.0,-1.0,-1.0,-1.0,-1.0,-1.0,-1.0,-1.0,-1.0,-1.0,-1.0,-1.0,-1.0,-1.0,-1.0,-1.0,-1.0,-1.0,-1.0,-1.0,-1.0,-1.0,-1.0,-1.0,-1.0,-1.0,-1.0,-1.0,-1.0,-1.0,-1.0,-1.0,-1.0,-1.0,-1.0,-1.0,-1.0,-1.0,-1.0,-1.0,-1.0,0.1235561524697683,-5.685245955316629,0.7540387566950906
172,0.344,0.34202907034770996,-0.9048154893605909,1.327263953019652,0.1235561524697683,-5.685245955316629,-2.60098124330491,0.06177166380587795,0.1802,-0.0169,1.0357,0.9993,0.0321,-0.0188,-0.0047,0.1694,0.0366,-0.0641,0.0141,0.1092,0.0033,-0.2073,0.0248,-0.0157,-0.0217,0.0207,-0.0564,-0.0774,-0.1004,0.0482,0.0381,0.0502,-0.0132,0.0065,0.0128,-0.0925,-0.0538,0.0153,0.1029,-0.0168,0.0122,0.0097,-0.0656,0.0323,0.0261,-0.286,-0.017,0.6856,-0.1717,-0.6923,0.2277,0.8491,-0.3782,0.0465,0.63,0.0273,0.2646,0.4715,-0.3724,-0.1316,-1.1624,-0.2198,-1.2594,-0.4581,-0.1328,0.0246,-0.0223,-0.0365,0.4977,-0.859,-0.377,-0.3756,0.0314,-0.045,-0.0297,-1.0,-1.0,-1.0,-1.0,-1.0,-1.0,-1.0,-1.0,-1.0,-1.0,-1.0,-1.0,-1.0,-1.0,-1.0,-1.0,-1.0,-1.0,-1.0,-1.0,-1.0,-1.0,-1.0,-1.0,-1.0,-1.0,-1.0,-1.0,-1.0,-1.0,-1.0,-1.0,-1.0,-1.0,-1.0,-1.0,-1.0,-1.0,-1.0,-1.0,-1.0,-1.0,-1.0,-1.0,-1.0,-1.0,-1.0,-1.0,-1.0,-1.0,-1.0,-1.0,-1.0,-1.0,-1.0,-1.0,-1.0,-1.0,-1.0,-1.0,-1.0,-1.0,-1.0,0.1235561524697683,-5.685245955316629,0.7540387566950906
173,0.346,0.34227618265264953,-0.9161859812712241,1.3220423705330417,0.1235561524697683,-5.685245955316629,-2.6206012433049097,0.06177166380587795,0.1801,-0.0168,1.0357,0.9993,0.0318,-0.0188,-0.004,0.169,0.0352,-0.0636,0.0158,0.1084,0.0034,-0.2058,0.0248,-0.0152,-0.0207,0.0199,-0.0561,-0.0798,-0.1009,0.0456,0.0372,0.0499,-0.0131,0.0065,0.0128,-0.0915,-0.0556,0.0145,0.1022,-0.0167,0.0121,0.0096,-0.0679,0.0316,0.0254,-0.3064,-0.0164,0.6802,-0.2092,-0.7042,0.257,0.8617,-0.4116,0.0516,0.7214,0.02,0.2736,0.5008,-0.3728,0.1348,-1.189,-0.2405,-1.2816,-0.4626,-0.1237,0.0247,-0.0214,-0.0366,0.4867,-0.8794,-0.3813,-0.3644,0.0314,-0.0446,-0.0297,-1.0,-1.0,-1.0,-1.0,-1.0,-1.0,-1.0,-1.0,-1.0,-1.0,-1.0,-1.0,-1.0,-1.0,-1.0,-1.0,-1.0,-1.0,-1.0,-1.0,-1.0,-1.0,-1.0,-1.0,-1.0,-1.0,-1.0,-1.0,-1.0,-1.0,-1.0,-1.0,-1.0,-1.0,-1.0,-1.0,-1.0,-1.0,-1.0,-1.0,-1.0,-1.0,-1.0,-1.0,-1.0,-1.0,-1.0,-1.0,-1.0,-1.0,-1.0,-1.0,-1.0,-1.0,-1.0,-1.0,-1.0,-1.0,-1.0,-1.0,-1.0,-1.0,-1.0,0.1235561524697683,-5.685245955316629,0.7540387566950906
174,0.348,0.34252329495758904,-0.9275564731818573,1.316781548046432,0.1235561524697683,-5.685245955316629,-2.64022124330491,0.06177166380587795,0.1799,-0.0168,1.0358,0.9993,0.0315,-0.0188,-0.0034,0.1685,0.0337,-0.063,0.0176,0.1075,0.0035,-0.2042,0.0249,-0.0146,-0.0197,0.0192,-0.0555,-0.0822,-0.1014,0.043,0.0363,0.0497,-0.0131,0.0064,0.0127,-0.0906,-0.0574,0.0137,0.1015,-0.0166,0.012,0.0095,-0.0707,0.0296,0.0238,-0.3283,-0.0088,0.6698,-0.2371,-0.73,0.2876,0.8839,-0.4532,0.0567,0.7971,0.0203,0.2963,0.4906,-0.3723,0.3081,-1.1998,-0.2632,-1.2935,-0.4627,-0.1161,0.0248,-0.0208,-0.0366,0.48,-0.8901,-0.3815,-0.3458,0.0316,-0.0443,-0.0298,-1.0,-1.0,-1.0,-1.0,-1.0,-1.0,-1.0,-1.0,-1.0,-1.0,-1.0,-1.0,-1.0,-1.0,-1.0,-1.0,-1.0,-1.0,-1.0,-1.0,-1.0,-1.0,-1.0,-1.0,-1.0,-1.0,-1.0,-1.0,-1.0,-1.0,-1.0,-1.0,-1.0,-1.0,-1.0,-1.0,-1.0,-1.0,-1.0,-1.0,-1.0,-1.0,-1.0,-1.0,-1.0,-1.0,-1.0,-1.0,-1.0,-1.0,-1.0,-1.0,-1.0,-1.0,-1.0,-1.0,-1.0,-1.0,-1.0,-1.0,-1.0,-1.0,-1.0,0.1235561524697683,-5.685245955316629,0.7540387566950906
175,0.35,0.3427704072625286,-0.9389269650924905,1.3114814855598222,0.1235561524697683,-5.685245955316629,-2.65984124330491,0.06177166380587795,0.1798,-0.0167,1.0358,0.9993,0.0311,-0.0189,-0.0027,0.168,0.0323,-0.0624,0.0194,0.1065,0.0036,-0.2026,0.0249,-0.0139,-0.0188,0.0183,-0.0547,-0.0846,-0.1019,0.0404,0.0354,0.0495,-0.013,0.0064,0.0126,-0.0896,-0.0592,0.013,0.1009,-0.0166,0.0119,0.0095,-0.073,0.0273,0.0211,-0.3495,-0.0024,0.6457,-0.2736,-0.7402,0.3197,0.8881,-0.4876,0.0541,0.837,0.0207,0.3287,0.4731,-0.4443,0.4049,-1.1929,-0.2818,-1.3033,-0.4616,-0.1102,0.0249,-0.0202,-0.0366,0.4752,-0.8983,-0.3802,-0.3264,0.0317,-0.0435,-0.0298,-1.0,-1.0,-1.0,-1.0,-1.0,-1.0,-1.0,-1.0,-1.0,-1.0,-1.0,-1.0,-1.0,-1.0,-1.0,-1.0,-1.0,-1.0,-1.0,-1.0,-1.0,-1.0,-1.0,-1.0,-1.0,-1.0,-1.0,-1.0,-1.0,-1.0,-1.0,-1.0,-1.0,-1.0,-1.0,-1.0,-1.0,-1.0,-1.0,-1.0,-1.0,-1.0,-1.0,-1.0,-1.0,-1.0,-1.0,-1.0,-1.0,-1.0,-1.0,-1.0,-1.0,-1.0,-1.0,-1.0,-1.0,-1.0,-1.0,-1.0,-1.0,-1.0,-1.0,0.1235561524697683,-5.685245955316629,0.7540387566950906
176,0.352,0.3430175195674681,-0.950297457003124,1.3061421830732125,0.1235561524697683,-5.685245955316629,-2.67946124330491,0.06177166380587795,0.1796,-0.0167,1.0359,0.9993,0.0307,-0.0189,-0.0021,0.1673,0.0308,-0.0617,0.0211,0.1055,0.0037,-0.2008,0.025,-0.0132,-0.0178,0.0173,-0.0537,-0.0869,-0.1025,0.0378,0.0345,0.0493,-0.013,0.0063,0.0125,-0.0887,-0.061,0.0122,0.1002,-0.0165,0.0119,0.0094,-0.0752,0.0249,0.0179,-0.3695,0.0047,0.6181,-0.3097,-0.7466,0.3503,0.8861,-0.5186,0.0494,0.8813,0.022,0.3609,0.4525,-0.5081,0.4845,-1.1776,-0.2975,-1.3118,-0.46,-0.1053,0.0249,-0.0195,-0.0366,0.4724,-0.9047,-0.3781,-0.3066,0.0318,-0.0426,-0.0298,-1.0,-1.0,-1.0,-1.0,-1.0,-1.0,-1.0,-1.0,-1.0,-1.0,-1.0,-1.0,-1.0,-1.0,-1.0,-1.0,-1.0,-1.0,-1.0,-1.0,-1.0,-1.0,-1.0,-1.0,-1.0,-1.0,-1.0,-1.0,-1.0,-1.0,-1.0,-1.0,-1.0,-1.0,-1.0,-1.0,-1.0,-1.0,-1.0,-1.0,-1.0,-1.0,-1.0,-1.0,-1.0,-1.0,-1.0,-1.0,-1.0,-1.0,-1.0,-1.0,-1.0,-1.0,-1.0,-1.0,-1.0,-1.0,-1.0,-1.0,-1.0,-1.0,-1.0,0.1235561524697683,-5.685245955316629,0.7540387566950906
177,0.354,0.34326463187240763,-0.9616679489137567,1.3007636405866025,0.1235561524697683,-5.685245955316629,-2.6990812433049096,0.06177166380587795,0.1795,-0.0166,1.0359,0.9994,0.0303,-0.0189,-0.0015,0.1666,0.0292,-0.061,0.0229,0.1044,0.0038,-0.1983,0.025,-0.0124,-0.0169,0.017,-0.0529,-0.0893,-0.1032,0.0352,0.0335,0.049,-0.0129,0.0063,0.0125,-0.0878,-0.0628,0.0115,0.0996,-0.0164,0.0118,0.0094,-0.08,0.024,0.0092,-0.371,0.0189,0.6399,-0.3651,-0.7754,0.3514,0.9007,-0.5624,0.0502,1.2439,0.0295,0.4161,0.4538,-0.1562,0.4305,-1.2013,-0.3209,-1.3137,-0.4611,-0.1038,0.0249,-0.0191,-0.0366,0.4635,-0.9079,-0.3799,-0.3046,0.0317,-0.0424,-0.0298,-1.0,-1.0,-1.0,-1.0,-1.0,-1.0,-1.0,-1.0,-1.0,-1.0,-1.0,-1.0,-1.0,-1.0,-1.0,-1.0,-1.0,-1.0,-1.0,-1.0,-1.0,-1.0,-1.0,-1.0,-1.0,-1.0,-1.0,-1.0,-1.0,-1.0,-1.0,-1.0,-1.0,-1.0,-1.0,-1.0,-1.0,-1.0,-1.0,-1.0,-1.0,-1.0,-1.0,-1.0,-1.0,-1.0,-1.0,-1.0,-1.0,-1.0,-1.0,-1.0,-1.0,-1.0,-1.0,-1.0,-1.0,-1.0,-1.0,-1.0,-1.0,-1.0,-1.0,0.1235561524697683,-5.685245955316629,0.7540387566950906
178,0.356,0.3435117441773472,-0.9730384408243902,1.2953458580999928,0.1235561524697683,-5.685245955316629,-2.7187012433049094,0.06177166380587795,0.1793,-0.0166,1.0359,0.9994,0.0299,-0.0189,-0.0009,0.1659,0.0276,-0.0602,0.0247,0.1032,0.0039,-0.1959,0.025,-0.0115,-0.0161,0.0167,-0.0524,-0.0917,-0.1038,0.0325,0.0326,0.0489,-0.0129,0.0063,0.0124,-0.0868,-0.0646,0.0107,0.0991,-0.0164,0.0117,0.0093,-0.0812,0.0218,0.0088,-0.3933,0.0257,0.6048,-0.3748,-0.783,0.3826,0.9008,-0.5824,0.0495,1.2066,0.016,0.456,0.4455,-0.1551,0.2186,-1.1686,-0.3311,-1.3226,-0.4583,-0.0975,0.025,-0.0185,-0.0366,0.4668,-0.9136,-0.3761,-0.2776,0.0319,-0.0411,-0.0298,-1.0,-1.0,-1.0,-1.0,-1.0,-1.0,-1.0,-1.0,-1.0,-1.0,-1.0,-1.0,-1.0,-1.0,-1.0,-1.0,-1.0,-1.0,-1.0,-1.0,-1.0,-1.0,-1.0,-1.0,-1.0,-1.0,-1.0,-1.0,-1.0,-1.0,-1.0,-1.0,-1.0,-1.0,-1.0,-1.0,-1.0,-1.0,-1.0,-1.0,-1.0,-1.0,-1.0,-1.0,-1.0,-1.0,-1.0,-1.0,-1.0,-1.0,-1.0,-1.0,-1.0,-1.0,-1.0,-1.0,-1.0,-1.0,-1.0,-1.0,-1.0,-1.0,-1.0,0.1235561524697683,-5.685245955316629,0.7540387566950906
179,0.358,0.3437588564822867,-0.9844089327350232,1.2898888356133829,0.1235561524697683,-5.685245955316629,-2.7383212433049096,0.06177166380587795,0.1791,-0.0165,1.0359,0.9994,0.0295,-0.0188,-0.0003,0.1651,0.0261,-0.0594,0.0265,0.102,0.0041,-0.1935,0.0251,-0.0105,-0.0152,0.0163,-0.052,-0.094,-0.1045,0.0299,0.0317,0.0487,-0.0128,0.0062,0.0123,-0.0859,-0.0665,0.01,0.0986,-0.0163,0.0116,0.0092,-0.0822,0.0205,0.0075,-0.4093,0.0292,0.5707,-0.3815,-0.7752,0.4069,0.8801,-0.5988,0.0539,1.2149,0.0083,0.468,0.4465,-0.1899,0.1875,-1.1428,-0.3374,-1.3256,-0.455,-0.0923,0.025,-0.0181,-0.0365,0.4634,-0.9158,-0.3726,-0.2573,0.032,-0.0403,-0.0297,-1.0,-1.0,-1.0,-1.0,-1.0,-1.0,-1.0,-1.0,-1.0,-1.0,-1.0,-1.0,-1.0,-1.0,-1.0,-1.0,-1.0,-1.0,-1.0,-1.0,-1.0,-1.0,-1.0,-1.0,-1.0,-1.0,-1.0,-1.0,-1.0,-1.0,-1.0,-1.0,-1.0,-1.0,-1.0,-1.0,-1.0,-1.0,-1.0,-1.0,-1.0,-1.0,-1.0,-1.0,-1.0,-1.0,-1.0,-1.0,-1.0,-1.0,-1.0,-1.0,-1.0,-1.0,-1.0,-1.0,-1.0,-1.0,-1.0,-1.0,-1.0,-1.0,-1.0,0.1235561524697683,-5.685245955316629,0.7540387566950906
180,0.36,0.3440059687872263,-0.9957794246456566,1.2843925731267731,0.1235561524697683,-5.685245955316629,-2.7579412433049093,0.06177166380587795,0.179,-0.0165,1.0359,0.9994,0.0291,-0.0188,0.0002,0.1643,0.0246,-0.0585,0.0282,0.1008,0.0042,-0.191,0.0251,-0.0096,-0.0143,0.0158,-0.0517,-0.0962,-0.1052,0.0272,0.0308,0.0485,-0.0128,0.0062,0.0122,-0.085,-0.0683,0.0092,0.0981,-0.0162,0.0115,0.0092,-0.0829,0.0196,0.0053,-0.421,0.0316,0.5378,-0.3859,-0.7578,0.424,0.8467,-0.6062,0.06,1.2408,0.0072,0.4736,0.44,-0.2186,0.1646,-1.1197,-0.3418,-1.3238,-0.4511,-0.088,0.0251,-0.0176,-0.0364,0.4597,-0.9139,-0.3684,-0.2397,0.0321,-0.0394,-0.0297,-1.0,-1.0,-1.0,-1.0,-1.0,-1.0,-1.0,-1.0,-1.0,-1.0,-1.0,-1.0,-1.0,-1.0,-1.0,-1.0,-1.0,-1.0,-1.0,-1.0,-1.0,-1.0,-1.0,-1.0,-1.0,-1.0,-1.0,-1.0,-1.0,-1.0,-1.0,-1.0,-1.0,-1.0,-1.0,-1.0,-1.0,-1.0,-1.0,-1.0,-1.0,-1.0,-1.0,-1.0,-1.0,-1.0,-1.0,-1.0,-1.0,-1.0,-1.0,-1.0,-1.0,-1.0,-1.0,-1.0,-1.0,-1.0,-1.0,-1.0,-1.0,-1.0,-1.0,0.1235561524697683,-5.685245955316629,0.7540387566950906
181,0.362,0.3442530810921658,-1.00714991655629,1.2788570706401634,0.1235561524697683,-5.685245955316629,-2.7775612433049095,0.06177166380587795,0.1788,-0.0165,1.0359,0.9994,0.0286,-0.0188,0.0007,0.1635,0.0231,-0.0577,0.0298,0.0996,0.0043,-0.1884,0.0251,-0.0086,-0.0134,0.0154,-0.0514,-0.0984,-0.1059,0.0246,0.0299,0.0483,-0.0127,0.0062,0.0122,-0.0841,-0.0701,0.0085,0.0976,-0.0162,0.0115,0.0091,-0.0832,0.0192,0.0024,-0.4281,0.0327,0.5071,-0.3862,-0.7299,0.4343,0.7975,-0.6082,0.0695,1.2838,0.0134,0.4729,0.4259,-0.242,0.1473,-1.1008,-0.3443,-1.317,-0.4462,-0.0844,0.0251,-0.0169,-0.0364,0.4563,-0.9077,-0.3635,-0.2245,0.0321,-0.0383,-0.0296,-1.0,-1.0,-1.0,-1.0,-1.0,-1.0,-1.0,-1.0,-1.0,-1.0,-1.0,-1.0,-1.0,-1.0,-1.0,-1.0,-1.0,-1.0,-1.0,-1.0,-1.0,-1.0,-1.0,-1.0,-1.0,-1.0,-1.0,-1.0,-1.0,-1.0,-1.0,-1.0,-1.0,-1.0,-1.0,-1.0,-1.0,-1.0,-1.0,-1.0,-1.0,-1.0,-1.0,-1.0,-1.0,-1.0,-1.0,-1.0,-1.0,-1.0,-1.0,-1.0,-1.0,-1.0,-1.0,-1.0,-1.0,-1.0,-1.0,-1.0,-1.0,-1.0,-1.0,0.1235561524697683,-5.685245955316629,0.7540387566950906
182,0.364,0.34450019339710536,-1.018520408466923,1.2732823281535537,0.1235561524697683,-5.685245955316629,-2.7971812433049097,0.06177166380587795,0.1786,-0.0164,1.0359,0.9994,0.0282,-0.0188,0.0012,0.1628,0.0217,-0.0568,0.0313,0.0984,0.0045,-0.1858,0.0251,-0.0077,-0.0126,0.0148,-0.0512,-0.1006,-0.1066,0.022,0.029,0.0482,-0.0127,0.0061,0.0121,-0.0832,-0.0719,0.0078,0.0972,-0.0161,0.0114,0.0091,-0.0835,0.0191,-0.0013,-0.4315,0.0333,0.4773,-0.3839,-0.6973,0.4395,0.742,-0.6091,0.0797,1.3317,0.0217,0.4692,0.4083,-0.2569,0.1267,-1.0817,-0.3461,-1.3063,-0.4408,-0.0824,0.0251,-0.0163,-0.0363,0.452,-0.8986,-0.3582,-0.2125,0.0321,-0.0373,-0.0295,-1.0,-1.0,-1.0,-1.0,-1.0,-1.0,-1.0,-1.0,-1.0,-1.0,-1.0,-1.0,-1.0,-1.0,-1.0,-1.0,-1.0,-1.0,-1.0,-1.0,-1.0,-1.0,-1.0,-1.0,-1.0,-1.0,-1.0,-1.0,-1.0,-1.0,-1.0,-1.0,-1.0,-1.0,-1.0,-1.0,-1.0,-1.0,-1.0,-1.0,-1.0,-1.0,-1.0,-1.0,-1.0,-1.0,-1.0,-1.0,-1.0,-1.0,-1.0,-1.0,-1.0,-1.0,-1.0,-1.0,-1.0,-1.0,-1.0,-1.0,-1.0,-1.0,-1.0,0.1235561524697683,-5.685245955316629,0.7540387566950906
183,0.366,0.34474730570204487,-1.0298909003775565,1.267668345666944,0.1235561524697683,-5.685245955316629,-2.8168012433049094,0.06177166380587795,0.1785,-0.0164,1.0359,0.9994,0.0278,-0.0188,0.0016,0.162,0.0204,-0.0559,0.0327,0.0971,0.0046,-0.183,0.0252,-0.0068,-0.0118,0.0143,-0.051,-0.1027,-0.1073,0.0194,0.0282,0.048,-0.0126,0.0061,0.012,-0.0823,-0.0737,0.0071,0.0968,-0.0161,0.0113,0.009,-0.0838,0.0191,-0.0057,-0.4318,0.0344,0.4471,-0.3813,-0.6666,0.4411,0.6907,-0.6138,0.0879,1.3745,0.0277,0.4651,0.3902,-0.2634,0.101,-1.0574,-0.3481,-1.2935,-0.4356,-0.0823,0.0251,-0.0158,-0.0362,0.4456,-0.8887,-0.3534,-0.2044,0.0321,-0.0364,-0.0295,-1.0,-1.0,-1.0,-1.0,-1.0,-1.0,-1.0,-1.0,-1.0,-1.0,-1.0,-1.0,-1.0,-1.0,-1.0,-1.0,-1.0,-1.0,-1.0,-1.0,-1.0,-1.0,-1.0,-1.0,-1.0,-1.0,-1.0,-1.0,-1.0,-1.0,-1.0,-1.0,-1.0,-1.0,-1.0,-1.0,-1.0,-1.0,-1.0,-1.0,-1.0,-1.0,-1.0,-1.0,-1.0,-1.0,-1.0,-1.0,-1.0,-1.0,-1.0,-1.0,-1.0,-1.0,-1.0,-1.0,-1.0,-1.0,-1.0,-1.0,-1.0,-1.0,-1.0,0.1235561524697683,-5.685245955316629,0.7540387566950906
184,0.368,0.3449944180069844,-1.04126139228819,1.262015123180334,0.1235561524697683,-5.685245955316629,-2.8364212433049096,0.06177166380587795,0.1783,-0.0163,1.0359,0.9994,0.0273,-0.0187,0.0021,0.1612,0.0191,-0.055,0.034,0.0958,0.0048,-0.1805,0.0252,-0.0059,-0.011,0.0137,-0.051,-0.1047,-0.108,0.0168,0.0273,0.0478,-0.0126,0.0061,0.012,-0.0814,-0.0754,0.0064,0.0964,-0.016,0.0112,0.0089,-0.0842,0.0186,-0.0195,-0.4211,0.0369,0.4626,-0.4173,-0.6606,0.4313,0.6889,-0.6751,0.0972,1.2699,0.0156,0.4257,0.4164,-0.2901,-0.0112,-1.0041,-0.3635,-1.2851,-0.4314,-0.0826,0.0251,-0.0158,-0.0361,0.4563,-0.8822,-0.349,-0.1816,0.0322,-0.0353,-0.0294,-1.0,-1.0,-1.0,-1.0,-1.0,-1.0,-1.0,-1.0,-1.0,-1.0,-1.0,-1.0,-1.0,-1.0,-1.0,-1.0,-1.0,-1.0,-1.0,-1.0,-1.0,-1.0,-1.0,-1.0,-1.0,-1.0,-1.0,-1.0,-1.0,-1.0,-1.0,-1.0,-1.0,-1.0,-1.0,-1.0,-1.0,-1.0,-1.0,-1.0,-1.0,-1.0,-1.0,-1.0,-1.0,-1.0,-1.0,-1.0,-1.0,-1.0,-1.0,-1.0,-1.0,-1.0,-1.0,-1.0,-1.0,-1.0,-1.0,-1.0,-1.0,-1.0,-1.0,0.1235561524697683,-5.685245955316629,0.7540387566950906
185,0.37,0.34524153031192395,-1.052631884198823,1.2563226606937241,0.1235561524697683,-5.685245955316629,-2.8560412433049094,0.06177166380587795,0.1781,-0.0163,1.0358,0.9995,0.0269,-0.0187,0.0025,0.1603,0.0178,-0.0542,0.0354,0.0943,0.0051,-0.1782,0.0252,-0.0051,-0.0101,0.013,-0.0512,-0.1066,-0.1088,0.0143,0.0264,0.0477,-0.0125,0.006,0.0119,-0.0804,-0.0772,0.0057,0.0961,-0.0159,0.0112,0.0089,-0.0839,0.018,-0.0333,-0.4063,0.038,0.4696,-0.4393,-0.6381,0.4154,0.6614,-0.7267,0.108,1.1288,0.0039,0.3908,0.4339,-0.3556,-0.1098,-0.9389,-0.3721,-1.2681,-0.425,-0.0858,0.0251,-0.0159,-0.036,0.4663,-0.8677,-0.3425,-0.1626,0.0323,-0.0342,-0.0293,-1.0,-1.0,-1.0,-1.0,-1.0,-1.0,-1.0,-1.0,-1.0,-1.0,-1.0,-1.0,-1.0,-1.0,-1.0,-1.0,-1.0,-1.0,-1.0,-1.0,-1.0,-1.0,-1.0,-1.0,-1.0,-1.0,-1.0,-1.0,-1.0,-1.0,-1.0,-1.0,-1.0,-1.0,-1.0,-1.0,-1.0,-1.0,-1.0,-1.0,-1.0,-1.0,-1.0,-1.0,-1.0,-1.0,-1.0,-1.0,-1.0,-1.0,-1.0,-1.0,-1.0,-1.0,-1.0,-1.0,-1.0,-1.0,-1.0,-1.0,-1.0,-1.0,-1.0,0.1235561524697683,-5.685245955316629,0.7540387566950906
186,0.372,0.34548864261686346,-1.0640023761094564,1.2505909582071144,0.1235561524697683,-5.685245955316629,-2.8756612433049096,0.06177166380587795,0.178,-0.0163,1.0357,0.9995,0.0265,-0.0187,0.003,0.1594,0.0166,-0.0534,0.0366,0.0928,0.0053,-0.1762,0.0252,-0.0044,-0.0093,0.0121,-0.0516,-0.1083,-0.1095,0.0118,0.0256,0.0475,-0.0125,0.006,0.0118,-0.0795,-0.0789,0.005,0.0958,-0.0159,0.0111,0.0088,-0.0831,0.0179,-0.0474,-0.3852,0.0382,0.4697,-0.4457,-0.5991,0.3892,0.6053,-0.7655,0.1206,0.9889,-0.0003,0.352,0.4376,-0.4583,-0.1962,-0.8688,-0.3733,-1.2419,-0.4168,-0.0923,0.0251,-0.0159,-0.0359,0.4739,-0.845,-0.3344,-0.1512,0.0323,-0.0332,-0.0292,-1.0,-1.0,-1.0,-1.0,-1.0,-1.0,-1.0,-1.0,-1.0,-1.0,-1.0,-1.0,-1.0,-1.0,-1.0,-1.0,-1.0,-1.0,-1.0,-1.0,-1.0,-1.0,-1.0,-1.0,-1.0,-1.0,-1.0,-1.0,-1.0,-1.0,-1.0,-1.0,-1.0,-1.0,-1.0,-1.0,-1.0,-1.0,-1.0,-1.0,-1.0,-1.0,-1.0,-1.0,-1.0,-1.0,-1.0,-1.0,-1.0,-1.0,-1.0,-1.0,-1.0,-1.0,-1.0,-1.0,-1.0,-1.0,-1.0,-1.0,-1.0,-1.0,-1.0,0.1235561524697683,-5.685245955316629,0.7540387566950906
187,0.374,0.34573575492180303,-1.0753728680200894,1.2448200157205045,0.1235561524697683,-5.685245955316629,-2.8952812433049098,0.06177166380587795,0.1778,-0.0162,1.0356,0.9995,0.0262,-0.0187,0.0035,0.1585,0.0155,-0.0527,0.0376,0.0912,0.0056,-0.1747,0.0252,-0.0038,-0.0084,0.0109,-0.0521,-0.1099,-0.1102,0.0094,0.0248,0.0473,-0.0124,0.006,0.0117,-0.0785,-0.0805,0.0044,0.0955,-0.0158,0.011,0.0088,-0.0814,0.0172,-0.0613,-0.3637,0.0363,0.4619,-0.4401,-0.5458,0.3629,0.5293,-0.7993,0.1323,0.759,-0.0126,0.3245,0.4422,-0.5988,-0.2769,-0.7814,-0.3688,-1.21,-0.4064,-0.1007,0.025,-0.0161,-0.0357,0.4836,-0.8166,-0.324,-0.1389,0.0323,-0.0322,-0.029,-1.0,-1.0,-1.0,-1.0,-1.0,-1.0,-1.0,-1.0,-1.0,-1.0,-1.0,-1.0,-1.0,-1.0,-1.0,-1.0,-1.0,-1.0,-1.0,-1.0,-1.0,-1.0,-1.0,-1.0,-1.0,-1.0,-1.0,-1.0,-1.0,-1.0,-1.0,-1.0,-1.0,-1.0,-1.0,-1.0,-1.0,-1.0,-1.0,-1.0,-1.0,-1.0,-1.0,-1.0,-1.0,-1.0,-1.0,-1.0,-1.0,-1.0,-1.0,-1.0,-1.0,-1.0,-1.0,-1.0,-1.0,-1.0,-1.0,-1.0,-1.0,-1.0,-1.0,0.1235561524697683,-5.685245955316629,0.7540387566950906
188,0.376,0.34598286722674254,-1.0867433599307228,1.2390098332338946,0.1235561524697683,-5.685245955316629,-2.9149012433049095,0.06177166380587795,0.1777,-0.0162,1.0354,0.9995,0.0258,-0.0187,0.0039,0.1577,0.0145,-0.052,0.0385,0.0896,0.0058,-0.1738,0.0251,-0.0031,-0.0075,0.0097,-0.0531,-0.1112,-0.111,0.007,0.024,0.0471,-0.0124,0.0059,0.0117,-0.0775,-0.0821,0.0038,0.0953,-0.0157,0.011,0.0087,-0.0792,0.0145,-0.0709,-0.3565,0.0335,0.4494,-0.4336,-0.4926,0.3571,0.4517,-0.8243,0.1385,0.435,-0.0572,0.341,0.4459,-0.5921,-0.4505,-0.6746,-0.361,-1.1814,-0.394,-0.1063,0.0251,-0.0162,-0.0355,0.5001,-0.7889,-0.3109,-0.1125,0.0325,-0.0308,-0.0288,-1.0,-1.0,-1.0,-1.0,-1.0,-1.0,-1.0,-1.0,-1.0,-1.0,-1.0,-1.0,-1.0,-1.0,-1.0,-1.0,-1.0,-1.0,-1.0,-1.0,-1.0,-1.0,-1.0,-1.0,-1.0,-1.0,-1.0,-1.0,-1.0,-1.0,-1.0,-1.0,-1.0,-1.0,-1.0,-1.0,-1.0,-1.0,-1.0,-1.0,-1.0,-1.0,-1.0,-1.0,-1.0,-1.0,-1.0,-1.0,-1.0,-1.0,-1.0,-1.0,-1.0,-1.0,-1.0,-1.0,-1.0,-1.0,-1.0,-1.0,-1.0,-1.0,-1.0,0.1235561524697683,-5.685245955316629,0.7540387566950906
189,0.378,0.3462299795316821,-1.0981138518413562,1.2331604107472849,0.1235561524697683,-5.685245955316629,-2.9345212433049097,0.06177166380587795,0.1775,-0.0162,1.0353,0.9995,0.0255,-0.0186,0.0043,0.1569,0.0136,-0.0514,0.0393,0.0879,0.0062,-0.1733,0.0251,-0.0025,-0.0071,0.0092,-0.0539,-0.1124,-0.1116,0.0048,0.0232,0.0468,-0.0123,0.0059,0.0116,-0.0765,-0.0836,0.0032,0.0951,-0.0157,0.0109,0.0087,-0.0764,0.0165,-0.079,-0.315,0.0364,0.4212,-0.3955,-0.4474,0.2998,0.3855,-0.807,0.1815,0.2861,0.0037,0.305,0.2107,-0.2602,-0.4133,-0.583,-0.3348,-1.1372,-0.3835,-0.1137,0.0251,-0.0168,-0.0355,0.5054,-0.7524,-0.3015,-0.1143,0.0326,-0.0313,-0.0287,-1.0,-1.0,-1.0,-1.0,-1.0,-1.0,-1.0,-1.0,-1.0,-1.0,-1.0,-1.0,-1.0,-1.0,-1.0,-1.0,-1.0,-1.0,-1.0,-1.0,-1.0,-1.0,-1.0,-1.0,-1.0,-1.0,-1.0,-1.0,-1.0,-1.0,-1.0,-1.0,-1.0,-1.0,-1.0,-1.0,-1.0,-1.0,-1.0,-1.0,-1.0,-1.0,-1.0,-1.0,-1.0,-1.0,-1.0,-1.0,-1.0,-1.0,-1.0,-1.0,-1.0,-1.0,-1.0,-1.0,-1.0,-1.0,-1.0,-1.0,-1.0,-1.0,-1.0,0.1235561524697683,-5.685245955316629,0.7540387566950906
190,0.38,0.3464770918366216,-1.1094843437519892,1.227271748260675,0.1235561524697683,-5.685245955316629,-2.9541412433049095,0.06177166380587795,0.1774,-0.0161,1.0351,0.9995,0.0252,-0.0186,0.0047,0.1561,0.0128,-0.0509,0.04,0.0863,0.0066,-0.173,0.0252,-0.0019,-0.0069,0.0093,-0.0546,-0.1134,-0.1123,0.0026,0.0225,0.0466,-0.0123,0.0059,0.0115,-0.0755,-0.085,0.0026,0.0949,-0.0156,0.0108,0.0086,-0.0742,0.0172,-0.0864,-0.2856,0.0367,0.3946,-0.368,-0.4067,0.2626,0.3303,-0.802,0.2055,0.1361,0.0272,0.278,0.0666,0.0268,-0.3476,-0.4954,-0.3152,-1.0989,-0.3722,-0.1217,0.0252,-0.0174,-0.0353,0.5054,-0.7205,-0.2914,-0.1113,0.0327,-0.0315,-0.0286,-1.0,-1.0,-1.0,-1.0,-1.0,-1.0,-1.0,-1.0,-1.0,-1.0,-1.0,-1.0,-1.0,-1.0,-1.0,-1.0,-1.0,-1.0,-1.0,-1.0,-1.0,-1.0,-1.0,-1.0,-1.0,-1.0,-1.0,-1.0,-1.0,-1.0,-1.0,-1.0,-1.0,-1.0,-1.0,-1.0,-1.0,-1.0,-1.0,-1.0,-1.0,-1.0,-1.0,-1.0,-1.0,-1.0,-1.0,-1.0,-1.0,-1.0,-1.0,-1.0,-1.0,-1.0,-1.0,-1.0,-1.0,-1.0,-1.0,-1.0,-1.0,-1.0,-1.0,0.1235561524697683,-5.685245955316629,0.7540387566950906
191,0.382,0.3467242041415612,-1.1208548356626227,1.221343845774065,0.1235561524697683,-5.685245955316629,-2.9737612433049097,0.06177166380587795,0.1772,-0.0161,1.0349,0.9995,0.0249,-0.0186,0.0051,0.1554,0.0121,-0.0504,0.0405,0.0847,0.007,-0.1731,0.0252,-0.0014,-0.0068,0.0096,-0.0551,-0.1142,-0.1129,0.0004,0.0218,0.0463,-0.0122,0.0058,0.0115,-0.0745,-0.0864,0.002,0.0946,-0.0155,0.0108,0.0085,-0.0726,0.0168,-0.0955,-0.266,0.0325,0.3686,-0.3523,-0.369,0.244,0.2912,-0.8247,0.2072,-0.0355,0.0149,0.248,0.0427,0.1466,-0.2415,-0.4131,-0.3057,-1.0673,-0.3612,-0.1318,0.0253,-0.018,-0.0352,0.4958,-0.6949,-0.2817,-0.1077,0.0329,-0.0315,-0.0284,-1.0,-1.0,-1.0,-1.0,-1.0,-1.0,-1.0,-1.0,-1.0,-1.0,-1.0,-1.0,-1.0,-1.0,-1.0,-1.0,-1.0,-1.0,-1.0,-1.0,-1.0,-1.0,-1.0,-1.0,-1.0,-1.0,-1.0,-1.0,-1.0,-1.0,-1.0,-1.0,-1.0,-1.0,-1.0,-1.0,-1.0,-1.0,-1.0,-1.0,-1.0,-1.0,-1.0,-1.0,-1.0,-1.0,-1.0,-1.0,-1.0,-1.0,-1.0,-1.0,-1.0,-1.0,-1.0,-1.0,-1.0,-1.0,-1.0,-1.0,-1.0,-1.0,-1.0,0.1235561524697683,-5.685245955316629,0.7540387566950906
192,0.384,0.3469713164465007,-1.1322253275732557,1.2153767032874554,0.1235561524697683,-5.685245955316629,-2.99338124330491,0.06177166380587795,0.1771,-0.0161,1.0347,0.9995,0.0246,-0.0186,0.0054,0.1547,0.0114,-0.0499,0.0411,0.083,0.0074,-0.1734,0.0251,-0.001,-0.0067,0.01,-0.0553,-0.1149,-0.1135,-0.0017,0.0211,0.046,-0.0122,0.0058,0.0114,-0.0735,-0.0878,0.0015,0.0944,-0.0155,0.0107,0.0085,-0.0715,0.0153,-0.1044,-0.2587,0.0285,0.3391,-0.3424,-0.332,0.2449,0.2524,-0.8618,0.1888,-0.1887,-0.0211,0.2335,0.075,0.2323,-0.1426,-0.3372,-0.2971,-1.0412,-0.3501,-0.1407,0.0254,-0.0185,-0.0351,0.4847,-0.6731,-0.2714,-0.0991,0.033,-0.0313,-0.0283,-1.0,-1.0,-1.0,-1.0,-1.0,-1.0,-1.0,-1.0,-1.0,-1.0,-1.0,-1.0,-1.0,-1.0,-1.0,-1.0,-1.0,-1.0,-1.0,-1.0,-1.0,-1.0,-1.0,-1.0,-1.0,-1.0,-1.0,-1.0,-1.0,-1.0,-1.0,-1.0,-1.0,-1.0,-1.0,-1.0,-1.0,-1.0,-1.0,-1.0,-1.0,-1.0,-1.0,-1.0,-1.0,-1.0,-1.0,-1.0,-1.0,-1.0,-1.0,-1.0,-1.0,-1.0,-1.0,-1.0,-1.0,-1.0,-1.0,-1.0,-1.0,-1.0,-1.0,0.1235561524697683,-5.685245955316629,0.7540387566950906
193,0.386,0.34721842875144027,-1.143595819483889,1.2093703208008455,0.1235561524697683,-5.685245955316629,-3.0130012433049096,0.06177166380587795,0.1769,-0.0161,1.0345,0.9995,0.0244,-0.0185,0.0057,0.154,0.0108,-0.0493,0.0415,0.0812,0.0076,-0.1738,0.0251,-0.0005,-0.0066,0.0104,-0.0551,-0.1154,-0.114,-0.0037,0.0204,0.0458,-0.0121,0.0058,0.0113,-0.0726,-0.0891,0.0009,0.0943,-0.0154,0.0107,0.0084,-0.0719,0.0118,-0.1069,-0.2735,0.0349,0.3125,-0.3625,-0.3071,0.2788,0.1993,-0.8764,0.0813,-0.2011,-0.0282,0.2588,0.0574,0.188,0.0989,-0.2737,-0.2821,-1.0226,-0.3378,-0.144,0.0256,-0.0188,-0.0349,0.4833,-0.6545,-0.2591,-0.0757,0.0334,-0.0306,-0.0281,-1.0,-1.0,-1.0,-1.0,-1.0,-1.0,-1.0,-1.0,-1.0,-1.0,-1.0,-1.0,-1.0,-1.0,-1.0,-1.0,-1.0,-1.0,-1.0,-1.0,-1.0,-1.0,-1.0,-1.0,-1.0,-1.0,-1.0,-1.0,-1.0,-1.0,-1.0,-1.0,-1.0,-1.0,-1.0,-1.0,-1.0,-1.0,-1.0,-1.0,-1.0,-1.0,-1.0,-1.0,-1.0,-1.0,-1.0,-1.0,-1.0,-1.0,-1.0,-1.0,-1.0,-1.0,-1.0,-1.0,-1.0,-1.0,-1.0,-1.0,-1.0,-1.0,-1.0,0.1235561524697683,-5.685245955316629,0.7540387566950906
194,0.388,0.3474655410563798,-1.1549663113945225,1.2033246983142356,0.1235561524697683,-5.685245955316629,-3.03262124330491,0.06177166380587795,0.1768,-0.016,1.0343,0.9995,0.0241,-0.0185,0.006,0.1534,0.0102,-0.0488,0.0418,0.0794,0.0077,-0.1742,0.025,0.0,-0.0065,0.0106,-0.0545,-0.1159,-0.1146,-0.0057,0.0197,0.0455,-0.0121,0.0057,0.0112,-0.0717,-0.0904,0.0004,0.0941,-0.0153,0.0106,0.0084,-0.0725,0.0124,-0.1097,-0.2656,0.0358,0.2826,-0.3282,-0.2868,0.2695,0.1736,-0.8911,0.0427,-0.1851,-0.0355,0.2475,0.053,0.1153,0.3449,-0.2157,-0.2703,-1.0065,-0.3336,-0.1493,0.0256,-0.0195,-0.0348,0.452,-0.648,-0.2581,-0.0909,0.0334,-0.0319,-0.028,-1.0,-1.0,-1.0,-1.0,-1.0,-1.0,-1.0,-1.0,-1.0,-1.0,-1.0,-1.0,-1.0,-1.0,-1.0,-1.0,-1.0,-1.0,-1.0,-1.0,-1.0,-1.0,-1.0,-1.0,-1.0,-1.0,-1.0,-1.0,-1.0,-1.0,-1.0,-1.0,-1.0,-1.0,-1.0,-1.0,-1.0,-1.0,-1.0,-1.0,-1.0,-1.0,-1.0,-1.0,-1.0,-1.0,-1.0,-1.0,-1.0,-1.0,-1.0,-1.0,-1.0,-1.0,-1.0,-1.0,-1.0,-1.0,-1.0,-1.0,-1.0,-1.0,-1.0,0.1235561524697683,-5.685245955316629,0.7540387566950906
195,0.39,0.3477126533613193,-1.1663368033051555,1.197239835827626,0.1235561524697683,-5.685245955316629,-3.0522412433049095,0.06177166380587795,0.1766,-0.016,1.0341,0.9995,0.0238,-0.0185,0.0062,0.1528,0.0097,-0.0483,0.0421,0.0776,0.0077,-0.1745,0.0249,0.0005,-0.0064,0.0107,-0.0533,-0.1162,-0.1151,-0.0077,0.0191,0.0451,-0.012,0.0057,0.0112,-0.0708,-0.0916,-0.0001,0.0939,-0.0153,0.0105,0.0083,-0.0731,0.013,-0.1113,-0.2612,0.0387,0.2478,-0.2947,-0.265,0.2649,0.141,-0.9006,0.0078,-0.1579,-0.0458,0.2404,0.0534,0.038,0.5605,-0.1592,-0.2558,-0.9918,-0.3288,-0.1549,0.0256,-0.0201,-0.0347,0.4225,-0.6419,-0.2562,-0.104,0.0333,-0.0329,-0.028,-1.0,-1.0,-1.0,-1.0,-1.0,-1.0,-1.0,-1.0,-1.0,-1.0,-1.0,-1.0,-1.0,-1.0,-1.0,-1.0,-1.0,-1.0,-1.0,-1.0,-1.0,-1.0,-1.0,-1.0,-1.0,-1.0,-1.0,-1.0,-1.0,-1.0,-1.0,-1.0,-1.0,-1.0,-1.0,-1.0,-1.0,-1.0,-1.0,-1.0,-1.0,-1.0,-1.0,-1.0,-1.0,-1.0,-1.0,-1.0,-1.0,-1.0,-1.0,-1.0,-1.0,-1.0,-1.0,-1.0,-1.0,-1.0,-1.0,-1.0,-1.0,-1.0,-1.0,0.1235561524697683,-5.685245955316629,0.7540387566950906
196,0.392,0.34795976566625886,-1.177707295215789,1.1911157333410163,0.1235561524697683,-5.685245955316629,-3.0718612433049097,0.06177166380587795,0.1765,-0.016,1.0338,0.9995,0.0235,-0.0184,0.0064,0.1523,0.0092,-0.0477,0.0423,0.0758,0.0076,-0.1748,0.0248,0.001,-0.0063,0.0106,-0.052,-0.1164,-0.1156,-0.0097,0.0184,0.0448,-0.012,0.0056,0.0111,-0.07,-0.0929,-0.0006,0.0937,-0.0152,0.0105,0.0083,-0.0738,0.0132,-0.1095,-0.2652,0.0445,0.2082,-0.2612,-0.243,0.273,0.0954,-0.9054,-0.0252,-0.1197,-0.0548,0.248,0.0522,-0.0571,0.6681,-0.1051,-0.237,-0.9802,-0.3229,-0.1589,0.0257,-0.0204,-0.0346,0.3994,-0.6366,-0.2523,-0.1091,0.0334,-0.0334,-0.0279,-1.0,-1.0,-1.0,-1.0,-1.0,-1.0,-1.0,-1.0,-1.0,-1.0,-1.0,-1.0,-1.0,-1.0,-1.0,-1.0,-1.0,-1.0,-1.0,-1.0,-1.0,-1.0,-1.0,-1.0,-1.0,-1.0,-1.0,-1.0,-1.0,-1.0,-1.0,-1.0,-1.0,-1.0,-1.0,-1.0,-1.0,-1.0,-1.0,-1.0,-1.0,-1.0,-1.0,-1.0,-1.0,-1.0,-1.0,-1.0,-1.0,-1.0,-1.0,-1.0,-1.0,-1.0,-1.0,-1.0,-1.0,-1.0,-1.0,-1.0,-1.0,-1.0,-1.0,0.1235561524697683,-5.685245955316629,0.7540387566950906
197,0.394,0.34820687797119837,-1.189077787126422,1.1849523908544062,0.1235561524697683,-5.685245955316629,-3.09148124330491,0.06177166380587795,0.1763,-0.016,1.0336,0.9995,0.0233,-0.0184,0.0066,0.1518,0.0088,-0.0472,0.0424,0.074,0.0075,-0.1749,0.0247,0.0015,-0.0062,0.0103,-0.0506,-0.1165,-0.116,-0.0116,0.0178,0.0445,-0.0119,0.0056,0.011,-0.0693,-0.0942,-0.0011,0.0935,-0.0151,0.0104,0.0082,-0.0745,0.0134,-0.1056,-0.2741,0.052,0.1663,-0.2314,-0.221,0.2875,0.0393,-0.9179,-0.0576,-0.076,-0.065,0.2659,0.0492,-0.1256,0.6742,-0.0539,-0.2157,-0.9713,-0.3168,-0.1619,0.0258,-0.0206,-0.0345,0.3794,-0.6327,-0.2476,-0.1101,0.0335,-0.0336,-0.0277,-1.0,-1.0,-1.0,-1.0,-1.0,-1.0,-1.0,-1.0,-1.0,-1.0,-1.0,-1.0,-1.0,-1.0,-1.0,-1.0,-1.0,-1.0,-1.0,-1.0,-1.0,-1.0,-1.0,-1.0,-1.0,-1.0,-1.0,-1.0,-1.0,-1.0,-1.0,-1.0,-1.0,-1.0,-1.0,-1.0,-1.0,-1.0,-1.0,-1.0,-1.0,-1.0,-1.0,-1.0,-1.0,-1.0,-1.0,-1.0,-1.0,-1.0,-1.0,-1.0,-1.0,-1.0,-1.0,-1.0,-1.0,-1.0,-1.0,-1.0,-1.0,-1.0,-1.0,0.1235561524697683,-5.685245955316629,0.7540387566950906
198,0.396,0.34845399027613794,-1.2004482790370554,1.1787498083677965,0.1235561524697683,-5.685245955316629,-3.1111012433049097,0.06177166380587795,0.1762,-0.0159,1.0334,0.9995,0.023,-0.0183,0.0067,0.1514,0.0084,-0.0465,0.0423,0.0721,0.0073,-0.175,0.0245,0.0021,-0.0061,0.01,-0.0493,-0.1165,-0.1164,-0.0135,0.0172,0.0442,-0.0119,0.0056,0.011,-0.0685,-0.0954,-0.0016,0.0932,-0.0151,0.0103,0.0082,-0.0752,0.0138,-0.1018,-0.2827,0.0594,0.1249,-0.2065,-0.2004,0.3005,-0.0173,-0.9397,-0.0869,-0.0315,-0.0741,0.2818,0.0445,-0.1793,0.6843,-0.0064,-0.1951,-0.9642,-0.3115,-0.1652,0.0258,-0.0208,-0.0343,0.3576,-0.6308,-0.2439,-0.1136,0.0336,-0.0339,-0.0276,-1.0,-1.0,-1.0,-1.0,-1.0,-1.0,-1.0,-1.0,-1.0,-1.0,-1.0,-1.0,-1.0,-1.0,-1.0,-1.0,-1.0,-1.0,-1.0,-1.0,-1.0,-1.0,-1.0,-1.0,-1.0,-1.0,-1.0,-1.0,-1.0,-1.0,-1.0,-1.0,-1.0,-1.0,-1.0,-1.0,-1.0,-1.0,-1.0,-1.0,-1.0,-1.0,-1.0,-1.0,-1.0,-1.0,-1.0,-1.0,-1.0,-1.0,-1.0,-1.0,-1.0,-1.0,-1.0,-1.0,-1.0,-1.0,-1.0,-1.0,-1.0,-1.0,-1.0,0.1235561524697683,-5.685245955316629,0.7540387566950906
199,0.398,0.34870110258107745,-1.2118187709476889,1.1725079858811864,0.1235561524697683,-5.685245955316629,-3.13072124330491,0.06177166380587795,0.176,-0.0159,1.0332,0.9996,0.0227,-0.0183,0.0068,0.151,0.008,-0.0459,0.0422,0.0702,0.007,-0.1751,0.0244,0.0027,-0.006,0.0097,-0.0488,-0.1164,-0.1167,-0.0154,0.0166,0.0438,-0.0118,0.0055,0.0109,-0.0679,-0.0967,-0.002,0.093,-0.015,0.0103,0.0081,-0.0758,0.0141,-0.1035,-0.2841,0.0644,0.1016,-0.1867,-0.1848,0.3155,-0.057,-0.9594,-0.1621,-0.0361,-0.0877,0.3112,0.0373,-0.1461,0.2212,0.0493,-0.1803,-0.9527,-0.3053,-0.1668,0.026,-0.0211,-0.0342,0.3396,-0.6254,-0.2396,-0.1078,0.0337,-0.0341,-0.0275,-1.0,-1.0,-1.0,-1.0,-1.0,-1.0,-1.0,-1.0,-1.0,-1.0,-1.0,-1.0,-1.0,-1.0,-1.0,-1.0,-1.0,-1.0,-1.0,-1.0,-1.0,-1.0,-1.0,-1.0,-1.0,-1.0,-1.0,-1.0,-1.0,-1.0,-1.0,-1.0,-1.0,-1.0,-1.0,-1.0,-1.0,-1.0,-1.0,-1.0,-1.0,-1.0,-1.0,-1.0,-1.0,-1.0,-1.0,-1.0,-1.0,-1.0,-1.0,-1.0,-1.0,-1.0,-1.0,-1.0,-1.0,-1.0,-1.0,-1.0,-1.0,-1.0,-1.0,0.1235561524697683,-5.685245955316629,0.7540387566950906
200,0.4,0.348948214886017,-1.2231892628583219,1.1662269233945768,0.1235561524697683,-5.685245955316629,-3.1503412433049096,0.06177166380587795,0.1759,-0.0159,1.033,0.9996,0.0224,-0.0182,0.0069,0.1507,0.0077,-0.0453,0.042,0.0682,0.0066,-0.1751,0.0242,0.0034,-0.0059,0.0094,-0.0492,-0.1162,-0.1171,-0.0173,0.016,0.0435,-0.0118,0.0055,0.0108,-0.0672,-0.0979,-0.0025,0.0928,-0.0149,0.0102,0.008,-0.0763,0.0155,-0.1057,-0.2809,0.0689,0.0734,-0.1586,-0.1648,0.3202,-0.1007,-0.9696,-0.2274,-0.0189,-0.101,0.3305,0.0347,-0.1234,-0.1948,0.0963,-0.1636,-0.9431,-0.3012,-0.1711,0.026,-0.0214,-0.0341,0.3152,-0.6234,-0.2377,-0.1152,0.0337,-0.0347,-0.0274,-1.0,-1.0,-1.0,-1.0,-1.0,-1.0,-1.0,-1.0,-1.0,-1.0,-1.0,-1.0,-1.0,-1.0,-1.0,-1.0,-1.0,-1.0,-1.0,-1.0,-1.0,-1.0,-1.0,-1.0,-1.0,-1.0,-1.0,-1.0,-1.0,-1.0,-1.0,-1.0,-1.0,-1.0,-1.0,-1.0,-1.0,-1.0,-1.0,-1.0,-1.0,-1.0,-1.0,-1.0,-1.0,-1.0,-1.0,-1.0,-1.0,-1.0,-1.0,-1.0,-1.0,-1.0,-1.0,-1.0,-1.0,-1.0,-1.0,-1.0,-1.0,-1.0,-1.0,0.1235561524697683,-5.685245955316629,0.7540387566950906
201,0.402,0.34919532719095653,-1.2345597547689553,1.159906620907967,0.1235561524697683,-5.685245955316629,-3.16996124330491,0.06177166380587795,0.1757,-0.0158,1.0328,0.9996,0.0222,-0.0181,0.0069,0.1505,0.0074,-0.0447,0.0417,0.0663,0.006,-0.1752,0.0238,0.004,-0.0058,0.0099,-0.0496,-0.1159,-0.1174,-0.0192,0.0154,0.0431,-0.0117,0.0054,0.0108,-0.0667,-0.0992,-0.003,0.0925,-0.0149,0.0101,0.008,-0.0759,0.0185,-0.112,-0.2632,0.0685,0.0316,-0.1022,-0.128,0.2987,-0.1486,-0.993,-0.2517,-0.0278,-0.1595,0.3051,0.0725,0.228,-0.1888,0.137,-0.1449,-0.9308,-0.3002,-0.181,0.0258,-0.0218,-0.034,0.2783,-0.6224,-0.2396,-0.1465,0.0334,-0.0359,-0.0274,-1.0,-1.0,-1.0,-1.0,-1.0,-1.0,-1.0,-1.0,-1.0,-1.0,-1.0,-1.0,-1.0,-1.0,-1.0,-1.0,-1.0,-1.0,-1.0,-1.0,-1.0,-1.0,-1.0,-1.0,-1.0,-1.0,-1.0,-1.0,-1.0,-1.0,-1.0,-1.0,-1.0,-1.0,-1.0,-1.0,-1.0,-1.0,-1.0,-1.0,-1.0,-1.0,-1.0,-1.0,-1.0,-1.0,-1.0,-1.0,-1.0,-1.0,-1.0,-1.0,-1.0,-1.0,-1.0,-1.0,-1.0,-1.0,-1.0,-1.0,-1.0,-1.0,-1.0,0.1235561524697683,-5.685245955316629,0.7540387566950906
